"consent","trial_type","trial_index","time_elapsed","internal_node_id","subjID","study","MID","cond","drift","rt","responses","key_press","expt_phase","like","value","connected","gems","bombs","no_reward","GemPrChosen","BombPrChosen","GainOverPainPr_0","GainOverPainPr_1","GainOverPainPr_2","GainOverPainPr_3","LosePr_0","LosePr_1","LosePr_2","LosePr_3","WinPr_0","WinPr_1","WinPr_2","WinPr_3","Q0","Q1","Q2","gender","age","ethnicity","target","respCharCode","respKey","respChoiceNum","respChoice","practice","trial_counter","trial_label","button_pressed"
"INL_behavioral_consent_30min_online.html","consent","0","38838","0.0-0.0","58605237","wem/bandit_either_3","AOVN1TVNI7HJ7","either","3","","","","","","","","","","","","","","","","","","","","","","","","","","","","","","","","","","","","","","",""
"","survey-text","1","50356","0.0-1.0","58605237","wem/bandit_either_3","AOVN1TVNI7HJ7","either","3","10503","{""Q0"":""AOVN1TVNI7HJ7""}","","","","","","","","","","","","","","","","","","","","","","","","","","","","","","","","","","","","",""
"","text","2","85148","0.0-2.0","58605237","wem/bandit_either_3","AOVN1TVNI7HJ7","either","3","33789","","32","","","","","","","","","","","","","","","","","","","","","","","","","","","","","","","","","","","",""
"","text","3","97200","0.0-3.0","58605237","wem/bandit_either_3","AOVN1TVNI7HJ7","either","3","12050","","32","","","","","","","","","","","","","","","","","","","","","","","","","","","","","","","","","","","",""
"","text","4","130696","0.0-4.0","58605237","wem/bandit_either_3","AOVN1TVNI7HJ7","either","3","33494","","32","","","","","","","","","","","","","","","","","","","","","","","","","","","","","","","","","","","",""
"","text","5","156824","0.0-5.0","58605237","wem/bandit_either_3","AOVN1TVNI7HJ7","either","3","26126","","32","","","","","","","","","","","","","","","","","","","","","","","","","","","","","","","","","","","",""
"","text","6","207080","0.0-6.0","58605237","wem/bandit_either_3","AOVN1TVNI7HJ7","either","3","50254","","32","","","","","","","","","","","","","","","","","","","","","","","","","","","","","","","","","","","",""
"","text","7","261657","0.0-7.0","58605237","wem/bandit_either_3","AOVN1TVNI7HJ7","either","3","54573","","32","","","","","","","","","","","","","","","","","","","","","","","","","","","","","","","","","","","",""
"","text","8","269791","0.0-8.0","58605237","wem/bandit_either_3","AOVN1TVNI7HJ7","either","3","8133","","32","","","","","","","","","","","","","","","","","","","","","","","","","","","","","","","","","","","",""
"","identification","9","301673","0.0-9.0-0.0","58605237","wem/bandit_either_3","AOVN1TVNI7HJ7","either","3","31856","","","","3","3","3","","","","","","","","","","","","","","","","","","","","","","","","the village of Zur","","","","","","","",""
"","identification","10","308813","0.0-9.0-1.0","58605237","wem/bandit_either_3","AOVN1TVNI7HJ7","either","3","6121","","","","3","3","3","","","","","","","","","","","","","","","","","","","","","","","","the village of Nyx","","","","","","","",""
"","text","11","323000","0.0-10.0","58605237","wem/bandit_either_3","AOVN1TVNI7HJ7","either","3","13184","","32","","","","","","","","","","","","","","","","","","","","","","","","","","","","","","","","","","","",""
"","text","12","330286","0.0-11.0","58605237","wem/bandit_either_3","AOVN1TVNI7HJ7","either","3","7284","","32","","","","","","","","","","","","","","","","","","","","","","","","","","","","","","","","","","","",""
"","text","13","332982","0.0-12.0","58605237","wem/bandit_either_3","AOVN1TVNI7HJ7","either","3","2694","","32","","","","","","","","","","","","","","","","","","","","","","","","","","","","","","","","","","","",""
"","text","14","342928","0.0-13.0","58605237","wem/bandit_either_3","AOVN1TVNI7HJ7","either","3","9943","","32","","","","","","","","","","","","","","","","","","","","","","","","","","","","","","","","","","","",""
"","bandit","15","350712","0.0-14.0-0.0","58605237","wem/bandit_either_3","AOVN1TVNI7HJ7","either","3","6274","","","","","","","0","0","1","0","0","","","","","0","","","","0","","","","","","","","","","","74","J","0","img/none_selected_demo.jpg","true","0","",""
"","bandit","16","353334","0.0-15.0-0.0","58605237","wem/bandit_either_3","AOVN1TVNI7HJ7","either","3","1115","","","","","","","0","0","1","0","0","","","","","0","","","","0","","","","","","","","","","","75","K","0","img/none_selected_demo.jpg","true","0","",""
"","text","17","372984","0.0-16.0","58605237","wem/bandit_either_3","AOVN1TVNI7HJ7","either","3","19647","","32","","","","","","","","","","","","","","","","","","","","","","","","","","","","","","","","","","","",""
"","text","18","390776","0.0-17.0","58605237","wem/bandit_either_3","AOVN1TVNI7HJ7","either","3","17790","","32","","","","","","","","","","","","","","","","","","","","","","","","","","","","","","","","","","","",""
"","text","19","402952","0.0-18.0","58605237","wem/bandit_either_3","AOVN1TVNI7HJ7","either","3","12174","","32","","","","","","","","","","","","","","","","","","","","","","","","","","","","","","","","","","","",""
"","text","20","410702","0.0-19.0","58605237","wem/bandit_either_3","AOVN1TVNI7HJ7","either","3","7748","","32","","","","","","","","","","","","","","","","","","","","","","","","","","","","","","","","","","","",""
"","bandit","21","413245","0.0-20.0-0.0","58605237","wem/bandit_either_3","AOVN1TVNI7HJ7","either","3","1036","","","","","","","0","0","1","","0.2","0.5","0.5","","","0.8","0.2","","","","","","","","","","","","","","75","K","1","","true","0","80_20_practice",""
"","bandit","22","418808","0.0-20.0-1.0","58605237","wem/bandit_either_3","AOVN1TVNI7HJ7","either","3","4056","","","","","","","0","0","1","","0.8","0.5","0.5","","","0.8","0.2","","","","","","","","","","","","","","74","J","0","img/none_selected_demo.jpg","true","0","80_20_practice",""
"","bandit","23","422277","0.0-20.0-2.0","58605237","wem/bandit_either_3","AOVN1TVNI7HJ7","either","3","1962","","","","","","","0","0","1","","0.2","0.5","0.5","","","0.8","0.2","","","","","","","","","","","","","","75","K","1","","true","0","80_20_practice",""
"","bandit","24","425996","0.0-20.0-3.0","58605237","wem/bandit_either_3","AOVN1TVNI7HJ7","either","3","2212","","","","","","","1","0","0","0.8","","0.5","0.5","","","","","","","0.8","0.2","","","","","","","","","","74","J","0","img/none_selected_demo.jpg","true","0","80_20_practice",""
"","bandit","25","430631","0.0-20.0-4.0","58605237","wem/bandit_either_3","AOVN1TVNI7HJ7","either","3","3129","","","","","","","1","0","0","0.8","","0.5","0.5","","","","","","","0.8","0.2","","","","","","","","","","74","J","0","img/none_selected_demo.jpg","true","0","80_20_practice",""
"","bandit","26","434070","0.0-20.0-5.0","58605237","wem/bandit_either_3","AOVN1TVNI7HJ7","either","3","1931","","","","","","","0","0","1","","0.8","0.5","0.5","","","0.8","0.2","","","","","","","","","","","","","","74","J","0","img/none_selected_demo.jpg","true","0","80_20_practice",""
"","bandit","27","437372","0.0-20.0-6.0","58605237","wem/bandit_either_3","AOVN1TVNI7HJ7","either","3","1794","","","","","","","1","0","0","0.8","","0.5","0.5","","","","","","","0.8","0.2","","","","","","","","","","74","J","0","img/none_selected_demo.jpg","true","0","80_20_practice",""
"","bandit","28","440605","0.0-20.0-7.0","58605237","wem/bandit_either_3","AOVN1TVNI7HJ7","either","3","1726","","","","","","","1","0","0","0.8","","0.5","0.5","","","","","","","0.8","0.2","","","","","","","","","","74","J","0","img/none_selected_demo.jpg","true","0","80_20_practice",""
"","bandit","29","444408","0.0-20.0-8.0","58605237","wem/bandit_either_3","AOVN1TVNI7HJ7","either","3","2294","","","","","","","0","0","1","","0.8","0.5","0.5","","","0.8","0.2","","","","","","","","","","","","","","74","J","0","img/none_selected_demo.jpg","true","0","80_20_practice",""
"","bandit","30","447547","0.0-20.0-9.0","58605237","wem/bandit_either_3","AOVN1TVNI7HJ7","either","3","1634","","","","","","","0","0","1","","0.8","0.5","0.5","","","0.8","0.2","","","","","","","","","","","","","","74","J","0","img/none_selected_demo.jpg","true","0","80_20_practice",""
"","bandit","31","450678","0.0-20.0-10.0","58605237","wem/bandit_either_3","AOVN1TVNI7HJ7","either","3","1623","","","","","","","0","1","0","","0.8","0.5","0.5","","","0.8","0.2","","","","","","","","","","","","","","74","J","0","img/none_selected_demo.jpg","true","0","80_20_practice",""
"","bandit","32","453814","0.0-20.0-11.0","58605237","wem/bandit_either_3","AOVN1TVNI7HJ7","either","3","1628","","","","","","","1","0","0","0.8","","0.5","0.5","","","","","","","0.8","0.2","","","","","","","","","","74","J","0","img/none_selected_demo.jpg","true","0","80_20_practice",""
"","bandit","33","456287","0.0-20.0-12.0","58605237","wem/bandit_either_3","AOVN1TVNI7HJ7","either","3","965","","","","","","","1","0","0","0.8","","0.5","0.5","","","","","","","0.8","0.2","","","","","","","","","","74","J","0","img/none_selected_demo.jpg","true","0","80_20_practice",""
"","bandit","34","458525","0.0-20.0-13.0","58605237","wem/bandit_either_3","AOVN1TVNI7HJ7","either","3","731","","","","","","","0","1","0","","0.8","0.5","0.5","","","0.8","0.2","","","","","","","","","","","","","","74","J","0","img/none_selected_demo.jpg","true","0","80_20_practice",""
"","bandit","35","460572","0.0-20.0-14.0","58605237","wem/bandit_either_3","AOVN1TVNI7HJ7","either","3","540","","","","","","","0","1","0","","0.8","0.5","0.5","","","0.8","0.2","","","","","","","","","","","","","","74","J","0","img/none_selected_demo.jpg","true","0","80_20_practice",""
"","bandit","36","462501","0.0-20.0-15.0","58605237","wem/bandit_either_3","AOVN1TVNI7HJ7","either","3","420","","","","","","","0","0","1","","0.8","0.5","0.5","","","0.8","0.2","","","","","","","","","","","","","","74","J","0","img/none_selected_demo.jpg","true","0","80_20_practice",""
"","bandit","37","464341","0.0-20.0-16.0","58605237","wem/bandit_either_3","AOVN1TVNI7HJ7","either","3","333","","","","","","","1","0","0","0.8","","0.5","0.5","","","","","","","0.8","0.2","","","","","","","","","","74","J","0","img/none_selected_demo.jpg","true","0","80_20_practice",""
"","bandit","38","466513","0.0-20.0-17.0","58605237","wem/bandit_either_3","AOVN1TVNI7HJ7","either","3","664","","","","","","","1","0","0","0.8","","0.5","0.5","","","","","","","0.8","0.2","","","","","","","","","","74","J","0","img/none_selected_demo.jpg","true","0","80_20_practice",""
"","bandit","39","468476","0.0-20.0-18.0","58605237","wem/bandit_either_3","AOVN1TVNI7HJ7","either","3","455","","","","","","","0","1","0","","0.8","0.5","0.5","","","0.8","0.2","","","","","","","","","","","","","","74","J","0","img/none_selected_demo.jpg","true","0","80_20_practice",""
"","bandit","40","470380","0.0-20.0-19.0","58605237","wem/bandit_either_3","AOVN1TVNI7HJ7","either","3","398","","","","","","","0","1","0","","0.8","0.5","0.5","","","0.8","0.2","","","","","","","","","","","","","","74","J","0","img/none_selected_demo.jpg","true","0","80_20_practice",""
"","text","41","483239","0.0-21.0","58605237","wem/bandit_either_3","AOVN1TVNI7HJ7","either","3","12856","","32","","","","","","","","","","","","","","","","","","","","","","","","","","","","","","","","","","","",""
"","bandit","42","485958","0.0-22.0-0.0","58605237","wem/bandit_either_3","AOVN1TVNI7HJ7","either","3","1210","","","","","","","1","0","0","1","0","","","","","0","1","","","1","0","","","","","","","","","","74","J","0","img/none_selected_demo.jpg","true","0","",""
"","text","43","498720","0.0-23.0","58605237","wem/bandit_either_3","AOVN1TVNI7HJ7","either","3","12759","","32","","","","","","","","","","","","","","","","","","","","","","","","","","","","","","","","","","","",""
"","text","44","505933","0.0-24.0","58605237","wem/bandit_either_3","AOVN1TVNI7HJ7","either","3","7211","","32","","","","","","","","","","","","","","","","","","","","","","","","","","","","","","","","","","","",""
"","text","45","511465","0.0-25.0","58605237","wem/bandit_either_3","AOVN1TVNI7HJ7","either","3","5528","","32","","","","","","","","","","","","","","","","","","","","","","","","","","","","","","","","","","","",""
"","text","46","518230","0.0-26.0","58605237","wem/bandit_either_3","AOVN1TVNI7HJ7","either","3","6762","","32","","","","","","","","","","","","","","","","","","","","","","","","","","","","","","","","","","","",""
"","text","47","530898","0.0-27.0","58605237","wem/bandit_either_3","AOVN1TVNI7HJ7","either","3","12665","","32","","","","","","","","","","","","","","","","","","","","","","","","","","","","","","","","","","","",""
"","text","48","539640","0.0-28.0","58605237","wem/bandit_either_3","AOVN1TVNI7HJ7","either","3","8739","","32","","","","","","","","","","","","","","","","","","","","","","","","","","","","","","","","","","","",""
"","text","49","548768","0.0-29.0","58605237","wem/bandit_either_3","AOVN1TVNI7HJ7","either","3","9124","","32","","","","","","","","","","","","","","","","","","","","","","","","","","","","","","","","","","","",""
"","text","50","554951","0.0-30.0","58605237","wem/bandit_either_3","AOVN1TVNI7HJ7","either","3","6180","","32","","","","","","","","","","","","","","","","","","","","","","","","","","","","","","","","","","","",""
"","text","51","563377","0.0-31.0","58605237","wem/bandit_either_3","AOVN1TVNI7HJ7","either","3","8423","","32","","","","","","","","","","","","","","","","","","","","","","","","","","","","","","","","","","","",""
"","text","52","567206","0.0-32.0","58605237","wem/bandit_either_3","AOVN1TVNI7HJ7","either","3","3827","","32","","","","","","","","","","","","","","","","","","","","","","","","","","","","","","","","","","","",""
"","text","53","580465","0.0-33.0","58605237","wem/bandit_either_3","AOVN1TVNI7HJ7","either","3","13256","","32","","","","","","","","","","","","","","","","","","","","","","","","","","","","","","","","","","","",""
"","bandit","54","583438","0.0-34.0-0.0","58605237","wem/bandit_either_3","AOVN1TVNI7HJ7","either","3","1464","","","","","","","0","0","1","0.8","","0.5","0.5","0.5","0.5","","","","","0.8","0.2","0.6","0.2","","","","","","","","72","H","0","img/none_selected.jpg","true","0","full_practice",""
"","bandit","55","585636","0.0-34.0-1.0","58605237","wem/bandit_either_3","AOVN1TVNI7HJ7","either","3","691","","","","","","","0","0","1","0.2","","0.5","0.5","0.5","0.5","","","","","0.8","0.2","0.6","0.2","","","","","","","","74","J","1","","true","0","full_practice",""
"","bandit","56","587677","0.0-34.0-2.0","58605237","wem/bandit_either_3","AOVN1TVNI7HJ7","either","3","533","","","","","","","0","1","0","","0.6","0.5","0.5","0.5","0.5","0.8","0.2","0.6","0.2","","","","","","","","","","","","75","K","2","","true","0","full_practice",""
"","bandit","57","590230","0.0-34.0-3.0","58605237","wem/bandit_either_3","AOVN1TVNI7HJ7","either","3","1045","","","","","","","0","0","1","","0.2","0.5","0.5","0.5","0.5","0.8","0.2","0.6","0.2","","","","","","","","","","","","76","L","3","","true","0","full_practice",""
"","bandit","58","592335","0.0-34.0-4.0","58605237","wem/bandit_either_3","AOVN1TVNI7HJ7","either","3","594","","","","","","","1","0","0","0.6","","0.5","0.5","0.5","0.5","","","","","0.8","0.2","0.6","0.2","","","","","","","","75","K","2","","true","0","full_practice",""
"","bandit","59","594542","0.0-34.0-5.0","58605237","wem/bandit_either_3","AOVN1TVNI7HJ7","either","3","697","","","","","","","0","1","0","","0.6","0.5","0.5","0.5","0.5","0.8","0.2","0.6","0.2","","","","","","","","","","","","75","K","2","","true","0","full_practice",""
"","bandit","60","596508","0.0-34.0-6.0","58605237","wem/bandit_either_3","AOVN1TVNI7HJ7","either","3","458","","","","","","","0","0","1","","0.6","0.5","0.5","0.5","0.5","0.8","0.2","0.6","0.2","","","","","","","","","","","","75","K","2","","true","0","full_practice",""
"","bandit","61","598381","0.0-34.0-7.0","58605237","wem/bandit_either_3","AOVN1TVNI7HJ7","either","3","364","","","","","","","0","1","0","","0.6","0.5","0.5","0.5","0.5","0.8","0.2","0.6","0.2","","","","","","","","","","","","75","K","2","","true","0","full_practice",""
"","bandit","62","600331","0.0-34.0-8.0","58605237","wem/bandit_either_3","AOVN1TVNI7HJ7","either","3","443","","","","","","","0","0","1","0.6","","0.5","0.5","0.5","0.5","","","","","0.8","0.2","0.6","0.2","","","","","","","","75","K","2","","true","0","full_practice",""
"","bandit","63","602189","0.0-34.0-9.0","58605237","wem/bandit_either_3","AOVN1TVNI7HJ7","either","3","350","","","","","","","0","0","1","","0.6","0.5","0.5","0.5","0.5","0.8","0.2","0.6","0.2","","","","","","","","","","","","75","K","2","","true","0","full_practice",""
"","bandit","64","604103","0.0-34.0-10.0","58605237","wem/bandit_either_3","AOVN1TVNI7HJ7","either","3","406","","","","","","","0","1","0","","0.6","0.5","0.5","0.5","0.5","0.8","0.2","0.6","0.2","","","","","","","","","","","","75","K","2","","true","0","full_practice",""
"","bandit","65","606125","0.0-34.0-11.0","58605237","wem/bandit_either_3","AOVN1TVNI7HJ7","either","3","514","","","","","","","0","1","0","","0.6","0.5","0.5","0.5","0.5","0.8","0.2","0.6","0.2","","","","","","","","","","","","75","K","2","","true","0","full_practice",""
"","bandit","66","608165","0.0-34.0-12.0","58605237","wem/bandit_either_3","AOVN1TVNI7HJ7","either","3","532","","","","","","","0","0","1","","0.6","0.5","0.5","0.5","0.5","0.8","0.2","0.6","0.2","","","","","","","","","","","","75","K","2","","true","0","full_practice",""
"","bandit","67","609957","0.0-34.0-13.0","58605237","wem/bandit_either_3","AOVN1TVNI7HJ7","either","3","284","","","","","","","0","1","0","","0.6","0.5","0.5","0.5","0.5","0.8","0.2","0.6","0.2","","","","","","","","","","","","75","K","2","","true","0","full_practice",""
"","bandit","68","611837","0.0-34.0-14.0","58605237","wem/bandit_either_3","AOVN1TVNI7HJ7","either","3","372","","","","","","","0","1","0","","0.6","0.5","0.5","0.5","0.5","0.8","0.2","0.6","0.2","","","","","","","","","","","","75","K","2","","true","0","full_practice",""
"","bandit","69","613653","0.0-34.0-15.0","58605237","wem/bandit_either_3","AOVN1TVNI7HJ7","either","3","308","","","","","","","0","1","0","","0.6","0.5","0.5","0.5","0.5","0.8","0.2","0.6","0.2","","","","","","","","","","","","75","K","2","","true","0","full_practice",""
"","bandit","70","615654","0.0-34.0-16.0","58605237","wem/bandit_either_3","AOVN1TVNI7HJ7","either","3","493","","","","","","","0","0","1","0.2","","0.5","0.5","0.5","0.5","","","","","0.8","0.2","0.6","0.2","","","","","","","","74","J","1","","true","0","full_practice",""
"","bandit","71","617572","0.0-34.0-17.0","58605237","wem/bandit_either_3","AOVN1TVNI7HJ7","either","3","405","","","","","","","0","0","1","","0.2","0.5","0.5","0.5","0.5","0.8","0.2","0.6","0.2","","","","","","","","","","","","74","J","1","","true","0","full_practice",""
"","bandit","72","619515","0.0-34.0-18.0","58605237","wem/bandit_either_3","AOVN1TVNI7HJ7","either","3","436","","","","","","","0","1","0","","0.8","0.5","0.5","0.5","0.5","0.8","0.2","0.6","0.2","","","","","","","","","","","","72","H","0","img/none_selected.jpg","true","0","full_practice",""
"","bandit","73","621539","0.0-34.0-19.0","58605237","wem/bandit_either_3","AOVN1TVNI7HJ7","either","3","516","","","","","","","1","0","0","0.8","","0.5","0.5","0.5","0.5","","","","","0.8","0.2","0.6","0.2","","","","","","","","72","H","0","img/none_selected.jpg","true","0","full_practice",""
"","text","74","627711","0.0-35.0","58605237","wem/bandit_either_3","AOVN1TVNI7HJ7","either","3","6161","","32","","","","","","","","","","","","","","","","","","","","","","","","","","","","","","","","","","","",""
"","text","75","647744","0.0-36.0","58605237","wem/bandit_either_3","AOVN1TVNI7HJ7","either","3","19028","","32","","","","","","","","","","","","","","","","","","","","","","","","","","","","","","","","","","","",""
"","text","76","665665","0.0-37.0","58605237","wem/bandit_either_3","AOVN1TVNI7HJ7","either","3","17916","","32","","","","","","","","","","","","","","","","","","","","","","","","","","","","","","","","","","","",""
"","text","77","674199","0.0-38.0","58605237","wem/bandit_either_3","AOVN1TVNI7HJ7","either","3","8528","","32","","","","","","","","","","","","","","","","","","","","","","","","","","","","","","","","","","","",""
"","text","78","685472","0.0-39.0","58605237","wem/bandit_either_3","AOVN1TVNI7HJ7","either","3","11270","","32","","","","","","","","","","","","","","","","","","","","","","","","","","","","","","","","","","","",""
"","text","79","696127","0.0-40.0","58605237","wem/bandit_either_3","AOVN1TVNI7HJ7","either","3","10651","","32","","","","","","","","","","","","","","","","","","","","","","","","","","","","","","","","","","","",""
"","bandit","80","698900","0.0-41.0-0.0","58605237","wem/bandit_either_3","AOVN1TVNI7HJ7","either","3","1264","","","","","","","0","0","1","0.4261870849","","0.6","0.2","0.8","0.4","","","","","0.6494041588","0.6473934842","0.4261870849","0.1387034319","","","","","","","","75","K","2","","","1","main_expt",""
"","bandit","81","700861","0.0-42.0-0.0","58605237","wem/bandit_either_3","AOVN1TVNI7HJ7","either","3","452","","","","","","","0","0","1","0.3223101542","","0.6","0.2","0.8","0.4","","","","","0.7608835745","0.5221866694","0.3223101542","0.2166337036","","","","","","","","75","K","2","","","2","main_expt",""
"","bandit","82","702997","0.0-43.0-0.0","58605237","wem/bandit_either_3","AOVN1TVNI7HJ7","either","3","627","","","","","","","1","0","0","0.3253899216","","0.6","0.2","0.8","0.4","","","","","0.7745567172","0.5356292978","0.2541217019","0.3253899216","","","","","","","","76","L","3","","","3","main_expt",""
"","bandit","83","705084","0.0-44.0-0.0","58605237","wem/bandit_either_3","AOVN1TVNI7HJ7","either","3","578","","","","","","","0","0","1","0.3003293127","","0.6","0.2","0.8","0.4","","","","","0.8315703218","0.5154592071","0.2272043942","0.3003293127","","","","","","","","76","L","3","","","4","main_expt",""
"","bandit","84","707013","0.0-45.0-0.0","58605237","wem/bandit_either_3","AOVN1TVNI7HJ7","either","3","422","","","","","","","0","0","1","","0.3839660868","0.6","0.2","0.8","0.4","0.8380789219","0.4578896037","0.2967729676","0.3839660868","","","","","","","","","","","","76","L","3","","","5","main_expt",""
"","bandit","85","708977","0.0-46.0-0.0","58605237","wem/bandit_either_3","AOVN1TVNI7HJ7","either","3","454","","","","","","","1","0","0","0.3833463511","","0.6","0.2","0.8","0.4","","","","","0.8233568153","0.4825789634","0.3211998527","0.3833463511","","","","","","","","76","L","3","","","6","main_expt",""
"","bandit","86","710879","0.0-47.0-0.0","58605237","wem/bandit_either_3","AOVN1TVNI7HJ7","either","3","392","","","","","","","1","0","0","0.3173395401","","0.6","0.2","0.8","0.4","","","","","0.8672840292","0.4013658759","0.4190649117","0.3173395401","","","","","","","","76","L","3","","","7","main_expt",""
"","bandit","87","712846","0.0-48.0-0.0","58605237","wem/bandit_either_3","AOVN1TVNI7HJ7","either","3","458","","","","","","","0","0","1","","0.3265190876","0.6","0.2","0.8","0.4","0.7921451217","0.3721769634","0.5253498774","0.3265190876","","","","","","","","","","","","76","L","3","","","8","main_expt",""
"","bandit","88","714700","0.0-49.0-0.0","58605237","wem/bandit_either_3","AOVN1TVNI7HJ7","either","3","348","","","","","","","0","0","1","0.4229840653","","0.6","0.2","0.8","0.4","","","","","0.7826569337","0.3934089605","0.5552176016","0.4229840653","","","","","","","","76","L","3","","","9","main_expt",""
"","bandit","89","716612","0.0-50.0-0.0","58605237","wem/bandit_either_3","AOVN1TVNI7HJ7","either","3","402","","","","","","","0","0","1","","0.5107168356","0.6","0.2","0.8","0.4","0.7150392401","0.3360942297","0.654745146","0.5107168356","","","","","","","","","","","","76","L","3","","","10","main_expt",""
"","bandit","90","718574","0.0-51.0-0.0","58605237","wem/bandit_either_3","AOVN1TVNI7HJ7","either","3","453","","","","","","","0","1","0","","0.4383577931","0.6","0.2","0.8","0.4","0.6906605055","0.4969537907","0.6089063278","0.4383577931","","","","","","","","","","","","76","L","3","","","11","main_expt",""
"","bandit","91","720593","0.0-52.0-0.0","58605237","wem/bandit_either_3","AOVN1TVNI7HJ7","either","3","510","","","","","","","0","1","0","","0.5487148549","0.6","0.2","0.8","0.4","0.6725575113","0.4760264401","0.559155858","0.5487148549","","","","","","","","","","","","76","L","3","","","12","main_expt",""
"","bandit","92","722565","0.0-53.0-0.0","58605237","wem/bandit_either_3","AOVN1TVNI7HJ7","either","3","463","","","","","","","0","1","0","","0.7407599438","0.6","0.2","0.8","0.4","0.7404599176","0.4008761295","0.6464491645","0.7407599438","","","","","","","","","","","","76","L","3","","","13","main_expt",""
"","bandit","93","724542","0.0-54.0-0.0","58605237","wem/bandit_either_3","AOVN1TVNI7HJ7","either","3","469","","","","","","","1","0","0","0.8307131687","","0.6","0.2","0.8","0.4","","","","","0.6751607758","0.358486362","0.6936958995","0.8307131687","","","","","","","","76","L","3","","","14","main_expt",""
"","bandit","94","726525","0.0-55.0-0.0","58605237","wem/bandit_either_3","AOVN1TVNI7HJ7","either","3","473","","","","","","","1","0","0","0.8114394421","","0.6","0.2","0.8","0.4","","","","","0.6115440925","0.395258373","0.731471075","0.8114394421","","","","","","","","76","L","3","","","15","main_expt",""
"","bandit","95","728445","0.0-56.0-0.0","58605237","wem/bandit_either_3","AOVN1TVNI7HJ7","either","3","412","","","","","","","0","0","1","0.8242397169","","0.6","0.2","0.8","0.4","","","","","0.7019001419","0.4197334966","0.6487541525","0.8242397169","","","","","","","","76","L","3","","","16","main_expt",""
"","bandit","96","730486","0.0-57.0-0.0","58605237","wem/bandit_either_3","AOVN1TVNI7HJ7","either","3","532","","","","","","","0","0","1","","0.8317633157","0.6","0.2","0.8","0.4","0.7017998","0.2160816064","0.7654634758","0.8317633157","","","","","","","","","","","","76","L","3","","","17","main_expt",""
"","bandit","97","732566","0.0-58.0-0.0","58605237","wem/bandit_either_3","AOVN1TVNI7HJ7","either","3","572","","","","","","","0","1","0","","0.8158638682","0.6","0.2","0.8","0.4","0.7672473748","0.2058632209","0.7160830043","0.8158638682","","","","","","","","","","","","76","L","3","","","18","main_expt",""
"","bandit","98","734518","0.0-59.0-0.0","58605237","wem/bandit_either_3","AOVN1TVNI7HJ7","either","3","442","","","","","","","0","0","1","0.8291878069","","0.6","0.2","0.8","0.4","","","","","0.7950219121","0.2314559036","0.6856656502","0.8291878069","","","","","","","","76","L","3","","","19","main_expt",""
"","bandit","99","736518","0.0-60.0-0.0","58605237","wem/bandit_either_3","AOVN1TVNI7HJ7","either","3","484","","","","","","","1","0","0","0.8665153398","","0.6","0.2","0.8","0.4","","","","","0.8460513568","0.1762066147","0.6829400921","0.8665153398","","","","","","","","76","L","3","","","20","main_expt",""
"","bandit","100","738413","0.0-61.0-0.0","58605237","wem/bandit_either_3","AOVN1TVNI7HJ7","either","3","383","","","","","","","1","0","0","0.8181415858","","0.6","0.2","0.8","0.4","","","","","0.8571228725","0.150477598","0.6849203215","0.8181415858","","","","","","","","76","L","3","","","21","main_expt",""
"","bandit","101","740438","0.0-62.0-0.0","58605237","wem/bandit_either_3","AOVN1TVNI7HJ7","either","3","514","","","","","","","1","0","0","0.7731960963","","0.6","0.2","0.8","0.4","","","","","0.8498483749","0.1957635407","0.6832197831","0.7731960963","","","","","","","","76","L","3","","","22","main_expt",""
"","bandit","102","742429","0.0-63.0-0.0","58605237","wem/bandit_either_3","AOVN1TVNI7HJ7","either","3","482","","","","","","","1","0","0","0.8004626553","","0.6","0.2","0.8","0.4","","","","","0.887495535","0.2193187944","0.6103957523","0.8004626553","","","","","","","","76","L","3","","","23","main_expt",""
"","bandit","103","744414","0.0-64.0-0.0","58605237","wem/bandit_either_3","AOVN1TVNI7HJ7","either","3","477","","","","","","","0","1","0","","0.7941911222","0.6","0.2","0.8","0.4","0.918231735","0.1836328706","0.5485819736","0.7941911222","","","","","","","","","","","","76","L","3","","","24","main_expt",""
"","bandit","104","746325","0.0-65.0-0.0","58605237","wem/bandit_either_3","AOVN1TVNI7HJ7","either","3","399","","","","","","","1","0","0","0.7100633829","","0.6","0.2","0.8","0.4","","","","","0.9111146318","0.1410441375","0.5852935809","0.7100633829","","","","","","","","76","L","3","","","25","main_expt",""
"","bandit","105","748309","0.0-66.0-0.0","58605237","wem/bandit_either_3","AOVN1TVNI7HJ7","either","3","474","","","","","","","1","0","0","0.6872129375","","0.6","0.2","0.8","0.4","","","","","0.9190640316","0.1082593399","0.6097892937","0.6872129375","","","","","","","","76","L","3","","","26","main_expt",""
"","bandit","106","750102","0.0-67.0-0.0","58605237","wem/bandit_either_3","AOVN1TVNI7HJ7","either","3","284","","","","","","","0","1","0","","0.6798864795","0.6","0.2","0.8","0.4","0.9372614837","0.1042047793","0.6653335402","0.6798864795","","","","","","","","","","","","76","L","3","","","27","main_expt",""
"","bandit","107","752221","0.0-68.0-0.0","58605237","wem/bandit_either_3","AOVN1TVNI7HJ7","either","3","610","","","","","","","0","1","0","","0.6812343762","0.6","0.2","0.8","0.4","0.9269484959","0.1153509117","0.6850825106","0.6812343762","","","","","","","","","","","","76","L","3","","","28","main_expt",""
"","bandit","108","754359","0.0-69.0-0.0","58605237","wem/bandit_either_3","AOVN1TVNI7HJ7","either","3","626","","","","","","","0","0","1","0.5305157647","","0.6","0.2","0.8","0.4","","","","","0.9376772981","0.1601566248","0.7309016742","0.5305157647","","","","","","","","76","L","3","","","29","main_expt",""
"","bandit","109","756935","0.0-70.0-0.0","58605237","wem/bandit_either_3","AOVN1TVNI7HJ7","either","3","1067","","","","","","","0","1","0","","0.4713174284","0.6","0.2","0.8","0.4","0.8795505253","0.09548927903","0.8141980113","0.4713174284","","","","","","","","","","","","76","L","3","","","30","main_expt",""
"","bandit","110","759349","0.0-71.0-0.0","58605237","wem/bandit_either_3","AOVN1TVNI7HJ7","either","3","905","","","","","","","0","0","1","","0.2938490869","0.6","0.2","0.8","0.4","0.8605863748","0.09272353297","0.8926711601","0.2938490869","","","","","","","","","","","","76","L","3","","","31","main_expt",""
"","bandit","111","761390","0.0-72.0-0.0","58605237","wem/bandit_either_3","AOVN1TVNI7HJ7","either","3","531","","","","","","","0","0","1","0.3005160425","","0.6","0.2","0.8","0.4","","","","","0.757600507","0.09547929832","0.8397563013","0.3005160425","","","","","","","","76","L","3","","","32","main_expt",""
"","bandit","112","763453","0.0-73.0-0.0","58605237","wem/bandit_either_3","AOVN1TVNI7HJ7","either","3","553","","","","","","","1","0","0","0.3661211491","","0.6","0.2","0.8","0.4","","","","","0.7257103923","0.08683876107","0.8251988787","0.3661211491","","","","","","","","76","L","3","","","33","main_expt",""
"","bandit","113","765390","0.0-74.0-0.0","58605237","wem/bandit_either_3","AOVN1TVNI7HJ7","either","3","427","","","","","","","0","1","0","","0.4614725573","0.6","0.2","0.8","0.4","0.5786815464","0.08117088791","0.7303528712","0.4614725573","","","","","","","","","","","","76","L","3","","","34","main_expt",""
"","bandit","114","767455","0.0-75.0-0.0","58605237","wem/bandit_either_3","AOVN1TVNI7HJ7","either","3","556","","","","","","","0","1","0","","0.4597324626","0.6","0.2","0.8","0.4","0.4812266686","0.09593582107","0.8093673003","0.4597324626","","","","","","","","","","","","76","L","3","","","35","main_expt",""
"","bandit","115","769462","0.0-76.0-0.0","58605237","wem/bandit_either_3","AOVN1TVNI7HJ7","either","3","495","","","","","","","0","0","1","","0.4294742096","0.6","0.2","0.8","0.4","0.4459447539","0.1392988708","0.79718131","0.4294742096","","","","","","","","","","","","76","L","3","","","36","main_expt",""
"","bandit","116","771359","0.0-77.0-0.0","58605237","wem/bandit_either_3","AOVN1TVNI7HJ7","either","3","386","","","","","","","0","0","1","0.5301274199","","0.6","0.2","0.8","0.4","","","","","0.5737218407","0.07673209605","0.8157762275","0.5301274199","","","","","","","","76","L","3","","","37","main_expt",""
"","bandit","117","773501","0.0-78.0-0.0","58605237","wem/bandit_either_3","AOVN1TVNI7HJ7","either","3","634","","","","","","","0","0","1","0.5746889943","","0.6","0.2","0.8","0.4","","","","","0.6008421093","0.1078843958","0.7941499978","0.5746889943","","","","","","","","76","L","3","","","38","main_expt",""
"","bandit","118","775404","0.0-79.0-0.0","58605237","wem/bandit_either_3","AOVN1TVNI7HJ7","either","3","393","","","","","","","1","0","0","0.6621100331","","0.6","0.2","0.8","0.4","","","","","0.6076920036","0.09731722171","0.7352357368","0.6621100331","","","","","","","","76","L","3","","","39","main_expt",""
"","bandit","119","777446","0.0-80.0-0.0","58605237","wem/bandit_either_3","AOVN1TVNI7HJ7","either","3","529","","","","","","","0","1","0","","0.6794361822","0.6","0.2","0.8","0.4","0.6616622706","0.2123509389","0.7920886563","0.6794361822","","","","","","","","","","","","76","L","3","","","40","main_expt",""
"","bandit","120","779350","0.0-81.0-0.0","58605237","wem/bandit_either_3","AOVN1TVNI7HJ7","either","3","393","","","","","","","1","0","0","0.7140523024","","0.6","0.2","0.8","0.4","","","","","0.6945341382","0.1265365425","0.8780543775","0.7140523024","","","","","","","","76","L","3","","","41","main_expt",""
"","bandit","121","781237","0.0-82.0-0.0","58605237","wem/bandit_either_3","AOVN1TVNI7HJ7","either","3","378","","","","","","","0","1","0","","0.6669732994","0.6","0.2","0.8","0.4","0.6833149102","0.166138795","0.9167256642","0.6669732994","","","","","","","","","","","","76","L","3","","","42","main_expt",""
"","bandit","122","783230","0.0-83.0-0.0","58605237","wem/bandit_either_3","AOVN1TVNI7HJ7","either","3","484","","","","","","","0","0","1","","0.5435093165","0.6","0.2","0.8","0.4","0.7094953576","0.1782339186","0.9407985187","0.5435093165","","","","","","","","","","","","76","L","3","","","43","main_expt",""
"","bandit","123","785197","0.0-84.0-0.0","58605237","wem/bandit_either_3","AOVN1TVNI7HJ7","either","3","459","","","","","","","0","0","1","","0.6002661395","0.6","0.2","0.8","0.4","0.7519468023","0.1342945815","0.9000978766","0.6002661395","","","","","","","","","","","","76","L","3","","","44","main_expt",""
"","bandit","124","787247","0.0-85.0-0.0","58605237","wem/bandit_either_3","AOVN1TVNI7HJ7","either","3","538","","","","","","","0","0","1","","0.5948203474","0.6","0.2","0.8","0.4","0.7673203249","0.09086288848","0.9190036262","0.5948203474","","","","","","","","","","","","76","L","3","","","45","main_expt",""
"","bandit","125","789190","0.0-86.0-0.0","58605237","wem/bandit_either_3","AOVN1TVNI7HJ7","either","3","433","","","","","","","1","0","0","0.6230250108","","0.6","0.2","0.8","0.4","","","","","0.722836051","0.06420934006","0.8865788656","0.6230250108","","","","","","","","76","L","3","","","46","main_expt",""
"","bandit","126","791173","0.0-87.0-0.0","58605237","wem/bandit_either_3","AOVN1TVNI7HJ7","either","3","474","","","","","","","0","1","0","","0.7239235909","0.6","0.2","0.8","0.4","0.7392487755","0.02332738683","0.8207935484","0.7239235909","","","","","","","","","","","","76","L","3","","","47","main_expt",""
"","bandit","127","793159","0.0-88.0-0.0","58605237","wem/bandit_either_3","AOVN1TVNI7HJ7","either","3","476","","","","","","","0","1","0","","0.7715310514","0.6","0.2","0.8","0.4","0.7551111279","0.03517565614","0.8170742187","0.7715310514","","","","","","","","","","","","76","L","3","","","48","main_expt",""
"","bandit","128","795341","0.0-89.0-0.0","58605237","wem/bandit_either_3","AOVN1TVNI7HJ7","either","3","672","","","","","","","0","1","0","","0.822179592","0.6","0.2","0.8","0.4","0.6917772817","0.04466115719","0.7874830355","0.822179592","","","","","","","","","","","","76","L","3","","","49","main_expt",""
"","bandit","129","797389","0.0-90.0-0.0","58605237","wem/bandit_either_3","AOVN1TVNI7HJ7","either","3","538","","","","","","","0","1","0","","0.8108951243","0.6","0.2","0.8","0.4","0.6689959301","0.05053383529","0.8279472521","0.8108951243","","","","","","","","","","","","76","L","3","","","50","main_expt",""
"","bandit","130","799518","0.0-91.0-0.0","58605237","wem/bandit_either_3","AOVN1TVNI7HJ7","either","3","617","","","","","","","0","0","1","0.7649170446","","0.6","0.2","0.8","0.4","","","","","0.6020608281","0.04681033125","0.8426817256","0.7649170446","","","","","","","","76","L","3","","","51","main_expt",""
"","bandit","131","801592","0.0-92.0-0.0","58605237","wem/bandit_either_3","AOVN1TVNI7HJ7","either","3","561","","","","","","","0","0","1","","0.8169848275","0.6","0.2","0.8","0.4","0.6583182673","0.09308222201","0.8377647656","0.8169848275","","","","","","","","","","","","76","L","3","","","52","main_expt",""
"","bandit","132","803660","0.0-93.0-0.0","58605237","wem/bandit_either_3","AOVN1TVNI7HJ7","either","3","557","","","","","","","0","1","0","","0.8843577791","0.6","0.2","0.8","0.4","0.5419436754","0.1397702629","0.8241398149","0.8843577791","","","","","","","","","","","","76","L","3","","","53","main_expt",""
"","bandit","133","805789","0.0-94.0-0.0","58605237","wem/bandit_either_3","AOVN1TVNI7HJ7","either","3","618","","","","","","","0","1","0","","0.8854515068","0.6","0.2","0.8","0.4","0.5717614462","0.110287685","0.7289352116","0.8854515068","","","","","","","","","","","","76","L","3","","","54","main_expt",""
"","bandit","134","807831","0.0-95.0-0.0","58605237","wem/bandit_either_3","AOVN1TVNI7HJ7","either","3","529","","","","","","","0","1","0","","0.8884574585","0.6","0.2","0.8","0.4","0.5497935615","0.1843384007","0.5895019519","0.8884574585","","","","","","","","","","","","76","L","3","","","55","main_expt",""
"","bandit","135","809790","0.0-96.0-0.0","58605237","wem/bandit_either_3","AOVN1TVNI7HJ7","either","3","446","","","","","","","0","1","0","","0.8840911236","0.6","0.2","0.8","0.4","0.4902645195","0.2056752237","0.4622464331","0.8840911236","","","","","","","","","","","","76","L","3","","","56","main_expt",""
"","bandit","136","811905","0.0-97.0-0.0","58605237","wem/bandit_either_3","AOVN1TVNI7HJ7","either","3","604","","","","","","","1","0","0","0.864283103","","0.6","0.2","0.8","0.4","","","","","0.5258365243","0.3410726922","0.490024734","0.864283103","","","","","","","","76","L","3","","","57","main_expt",""
"","bandit","137","813888","0.0-98.0-0.0","58605237","wem/bandit_either_3","AOVN1TVNI7HJ7","either","3","470","","","","","","","1","0","0","0.7377821737","","0.6","0.2","0.8","0.4","","","","","0.6097664349","0.3873695161","0.6182628796","0.7377821737","","","","","","","","76","L","3","","","58","main_expt",""
"","bandit","138","815958","0.0-99.0-0.0","58605237","wem/bandit_either_3","AOVN1TVNI7HJ7","either","3","558","","","","","","","0","0","1","","0.7469541206","0.6","0.2","0.8","0.4","0.6016711108","0.3281321534","0.6976829826","0.7469541206","","","","","","","","","","","","76","L","3","","","59","main_expt",""
"","bandit","139","818013","0.0-100.0-0.0","58605237","wem/bandit_either_3","AOVN1TVNI7HJ7","either","3","545","","","","","","","0","1","0","","0.8019510571","0.6","0.2","0.8","0.4","0.5544917648","0.2380439254","0.675433977","0.8019510571","","","","","","","","","","","","76","L","3","","","60","main_expt",""
"","bandit","140","820078","0.0-101.0-0.0","58605237","wem/bandit_either_3","AOVN1TVNI7HJ7","either","3","556","","","","","","","0","1","0","","0.8943887388","0.6","0.2","0.8","0.4","0.6842720067","0.2228222105","0.7206550838","0.8943887388","","","","","","","","","","","","76","L","3","","","61","main_expt",""
"","bandit","141","822071","0.0-102.0-0.0","58605237","wem/bandit_either_3","AOVN1TVNI7HJ7","either","3","482","","","","","","","0","1","0","","0.8942973556","0.6","0.2","0.8","0.4","0.6824345281","0.2489253665","0.7184677658","0.8942973556","","","","","","","","","","","","76","L","3","","","62","main_expt",""
"","bandit","142","824142","0.0-103.0-0.0","58605237","wem/bandit_either_3","AOVN1TVNI7HJ7","either","3","561","","","","","","","0","0","1","0.8829609874","","0.6","0.2","0.8","0.4","","","","","0.7321168219","0.2298237489","0.6785259816","0.8829609874","","","","","","","","76","L","3","","","63","main_expt",""
"","bandit","143","826086","0.0-104.0-0.0","58605237","wem/bandit_either_3","AOVN1TVNI7HJ7","either","3","433","","","","","","","0","1","0","","0.8175344892","0.6","0.2","0.8","0.4","0.8123013145","0.1849055857","0.6349383059","0.8175344892","","","","","","","","","","","","76","L","3","","","64","main_expt",""
"","bandit","144","828062","0.0-105.0-0.0","58605237","wem/bandit_either_3","AOVN1TVNI7HJ7","either","3","464","","","","","","","0","1","0","","0.7812905168","0.6","0.2","0.8","0.4","0.8236121316","0.2285715909","0.629769122","0.7812905168","","","","","","","","","","","","76","L","3","","","65","main_expt",""
"","bandit","145","829981","0.0-106.0-0.0","58605237","wem/bandit_either_3","AOVN1TVNI7HJ7","either","3","409","","","","","","","1","0","0","0.7848445355","","0.6","0.2","0.8","0.4","","","","","0.8270077233","0.2477643906","0.7158950816","0.7848445355","","","","","","","","76","L","3","","","66","main_expt",""
"","bandit","146","832069","0.0-107.0-0.0","58605237","wem/bandit_either_3","AOVN1TVNI7HJ7","either","3","578","","","","","","","0","1","0","","0.763143195","0.6","0.2","0.8","0.4","0.7601471472","0.1801078726","0.6309271871","0.763143195","","","","","","","","","","","","76","L","3","","","67","main_expt",""
"","bandit","147","833997","0.0-108.0-0.0","58605237","wem/bandit_either_3","AOVN1TVNI7HJ7","either","3","415","","","","","","","0","1","0","","0.7966751536","0.6","0.2","0.8","0.4","0.7567750057","0.08479184886","0.617221228","0.7966751536","","","","","","","","","","","","76","L","3","","","68","main_expt",""
"","bandit","148","836046","0.0-109.0-0.0","58605237","wem/bandit_either_3","AOVN1TVNI7HJ7","either","3","538","","","","","","","1","0","0","0.8534335227","","0.6","0.2","0.8","0.4","","","","","0.6871277649","0.06982522498","0.6235929763","0.8534335227","","","","","","","","76","L","3","","","69","main_expt",""
"","bandit","149","837982","0.0-110.0-0.0","58605237","wem/bandit_either_3","AOVN1TVNI7HJ7","either","3","423","","","","","","","1","0","0","0.8915498471","","0.6","0.2","0.8","0.4","","","","","0.773099018","0.05029268469","0.5543620559","0.8915498471","","","","","","","","76","L","3","","","70","main_expt",""
"","bandit","150","840013","0.0-111.0-0.0","58605237","wem/bandit_either_3","AOVN1TVNI7HJ7","either","3","519","","","","","","","1","0","0","0.8736989015","","0.6","0.2","0.8","0.4","","","","","0.7412476729","0.06413839938","0.5333999135","0.8736989015","","","","","","","","76","L","3","","","71","main_expt",""
"","bandit","151","841892","0.0-112.0-0.0","58605237","wem/bandit_either_3","AOVN1TVNI7HJ7","either","3","369","","","","","","","0","1","0","","0.8837551658","0.6","0.2","0.8","0.4","0.8080704968","0.05155778705","0.5905126671","0.8837551658","","","","","","","","","","","","76","L","3","","","72","main_expt",""
"","bandit","152","843997","0.0-113.0-0.0","58605237","wem/bandit_either_3","AOVN1TVNI7HJ7","either","3","593","","","","","","","0","1","0","","0.8495494246","0.6","0.2","0.8","0.4","0.8270016227","0.0232747386","0.6925119087","0.8495494246","","","","","","","","","","","","76","L","3","","","73","main_expt",""
"","bandit","153","845999","0.0-114.0-0.0","58605237","wem/bandit_either_3","AOVN1TVNI7HJ7","either","3","489","","","","","","","1","0","0","0.9127472651","","0.6","0.2","0.8","0.4","","","","","0.7872017979","0.04751547773","0.7134745341","0.9127472651","","","","","","","","76","L","3","","","74","main_expt",""
"","bandit","154","848012","0.0-115.0-0.0","58605237","wem/bandit_either_3","AOVN1TVNI7HJ7","either","3","503","","","","","","","0","1","0","","0.9199060817","0.6","0.2","0.8","0.4","0.6167225576","0.05282531612","0.8065440948","0.9199060817","","","","","","","","","","","","76","L","3","","","75","main_expt",""
"","bandit","155","850045","0.0-116.0-0.0","58605237","wem/bandit_either_3","AOVN1TVNI7HJ7","either","3","522","","","","","","","0","1","0","","0.8691294168","0.6","0.2","0.8","0.4","0.637182095","0.08738729654","0.7849172319","0.8691294168","","","","","","","","","","","","76","L","3","","","76","main_expt",""
"","bandit","156","852053","0.0-117.0-0.0","58605237","wem/bandit_either_3","AOVN1TVNI7HJ7","either","3","494","","","","","","","0","1","0","","0.9111329321","0.6","0.2","0.8","0.4","0.7169911294","0.08851312664","0.7818962729","0.9111329321","","","","","","","","","","","","76","L","3","","","77","main_expt",""
"","bandit","157","854044","0.0-118.0-0.0","58605237","wem/bandit_either_3","AOVN1TVNI7HJ7","either","3","481","","","","","","","1","0","0","0.9286966754","","0.6","0.2","0.8","0.4","","","","","0.7446448061","0.145228539","0.7002933386","0.9286966754","","","","","","","","76","L","3","","","78","main_expt",""
"","bandit","158","855925","0.0-119.0-0.0","58605237","wem/bandit_either_3","AOVN1TVNI7HJ7","either","3","370","","","","","","","1","0","0","0.9616021792","","0.6","0.2","0.8","0.4","","","","","0.8152221547","0.1669860915","0.6510109529","0.9616021792","","","","","","","","76","L","3","","","79","main_expt",""
"","bandit","159","857951","0.0-120.0-0.0","58605237","wem/bandit_either_3","AOVN1TVNI7HJ7","either","3","514","","","","","","","0","1","0","","0.950571795","0.6","0.2","0.8","0.4","0.810351938","0.1922913003","0.6765614865","0.950571795","","","","","","","","","","","","76","L","3","","","80","main_expt",""
"","bandit","160","859854","0.0-121.0-0.0","58605237","wem/bandit_either_3","AOVN1TVNI7HJ7","either","3","391","","","","","","","1","0","0","0.9331160128","","0.6","0.2","0.8","0.4","","","","","0.8895110989","0.2407870914","0.5908869344","0.9331160128","","","","","","","","76","L","3","","","81","main_expt",""
"","bandit","161","861774","0.0-122.0-0.0","58605237","wem/bandit_either_3","AOVN1TVNI7HJ7","either","3","407","","","","","","","1","0","0","0.9465986336","","0.6","0.2","0.8","0.4","","","","","0.9046816681","0.3077898034","0.5267531711","0.9465986336","","","","","","","","76","L","3","","","82","main_expt",""
"","bandit","162","863652","0.0-123.0-0.0","58605237","wem/bandit_either_3","AOVN1TVNI7HJ7","either","3","366","","","","","","","1","0","0","0.9371159138","","0.6","0.2","0.8","0.4","","","","","0.8465278631","0.2337579628","0.6168373964","0.9371159138","","","","","","","","76","L","3","","","83","main_expt",""
"","bandit","163","865797","0.0-124.0-0.0","58605237","wem/bandit_either_3","AOVN1TVNI7HJ7","either","3","632","","","","","","","1","0","0","0.8998840018","","0.6","0.2","0.8","0.4","","","","","0.7584930438","0.2781329454","0.5733990252","0.8998840018","","","","","","","","76","L","3","","","84","main_expt",""
"","bandit","164","867812","0.0-125.0-0.0","58605237","wem/bandit_either_3","AOVN1TVNI7HJ7","either","3","503","","","","","","","1","0","0","0.9102188985","","0.6","0.2","0.8","0.4","","","","","0.7727946294","0.3013149798","0.4719695616","0.9102188985","","","","","","","","76","L","3","","","85","main_expt",""
"","bandit","165","869839","0.0-126.0-0.0","58605237","wem/bandit_either_3","AOVN1TVNI7HJ7","either","3","516","","","","","","","1","0","0","0.9000055418","","0.6","0.2","0.8","0.4","","","","","0.8216594778","0.3231836659","0.6941651786","0.9000055418","","","","","","","","76","L","3","","","86","main_expt",""
"","bandit","166","871884","0.0-127.0-0.0","58605237","wem/bandit_either_3","AOVN1TVNI7HJ7","either","3","535","","","","","","","0","1","0","","0.8563468124","0.6","0.2","0.8","0.4","0.7833884788","0.3986379136","0.5408952125","0.8563468124","","","","","","","","","","","","76","L","3","","","87","main_expt",""
"","bandit","167","873948","0.0-128.0-0.0","58605237","wem/bandit_either_3","AOVN1TVNI7HJ7","either","3","553","","","","","","","0","1","0","","0.7349543302","0.6","0.2","0.8","0.4","0.7804426693","0.4230151841","0.5438891422","0.7349543302","","","","","","","","","","","","76","L","3","","","88","main_expt",""
"","bandit","168","875964","0.0-129.0-0.0","58605237","wem/bandit_either_3","AOVN1TVNI7HJ7","either","3","505","","","","","","","1","0","0","0.7907967515","","0.6","0.2","0.8","0.4","","","","","0.7930928848","0.3761858397","0.4294971294","0.7907967515","","","","","","","","76","L","3","","","89","main_expt",""
"","bandit","169","878068","0.0-130.0-0.0","58605237","wem/bandit_either_3","AOVN1TVNI7HJ7","either","3","593","","","","","","","0","1","0","","0.7883246469","0.6","0.2","0.8","0.4","0.7683039237","0.4799086841","0.4928337868","0.7883246469","","","","","","","","","","","","76","L","3","","","90","main_expt",""
"","bandit","170","880111","0.0-131.0-0.0","58605237","wem/bandit_either_3","AOVN1TVNI7HJ7","either","3","529","","","","","","","0","1","0","","0.8389096604","0.6","0.2","0.8","0.4","0.8072091422","0.4558425901","0.5655090935","0.8389096604","","","","","","","","","","","","76","L","3","","","91","main_expt",""
"","bandit","171","882268","0.0-132.0-0.0","58605237","wem/bandit_either_3","AOVN1TVNI7HJ7","either","3","647","","","","","","","1","0","0","0.8064187158","","0.6","0.2","0.8","0.4","","","","","0.7791444337","0.3781515597","0.6154818033","0.8064187158","","","","","","","","76","L","3","","","92","main_expt",""
"","bandit","172","884324","0.0-133.0-0.0","58605237","wem/bandit_either_3","AOVN1TVNI7HJ7","either","3","544","","","","","","","1","0","0","0.7542368763","","0.6","0.2","0.8","0.4","","","","","0.8498372391","0.2858753042","0.7381217307","0.7542368763","","","","","","","","76","L","3","","","93","main_expt",""
"","bandit","173","886364","0.0-134.0-0.0","58605237","wem/bandit_either_3","AOVN1TVNI7HJ7","either","3","528","","","","","","","0","0","1","","0.6932487021","0.6","0.2","0.8","0.4","0.8440610374","0.3914428564","0.7776388333","0.6932487021","","","","","","","","","","","","76","L","3","","","94","main_expt",""
"","bandit","174","888435","0.0-135.0-0.0","58605237","wem/bandit_either_3","AOVN1TVNI7HJ7","either","3","560","","","","","","","0","0","1","0.6706070003","","0.6","0.2","0.8","0.4","","","","","0.8092418145","0.3800018616","0.8299152283","0.6706070003","","","","","","","","76","L","3","","","95","main_expt",""
"","bandit","175","890573","0.0-136.0-0.0","58605237","wem/bandit_either_3","AOVN1TVNI7HJ7","either","3","623","","","","","","","1","0","0","0.6670251336","","0.6","0.2","0.8","0.4","","","","","0.8655172998","0.3078584031","0.7697811485","0.6670251336","","","","","","","","76","L","3","","","96","main_expt",""
"","bandit","176","892693","0.0-137.0-0.0","58605237","wem/bandit_either_3","AOVN1TVNI7HJ7","either","3","607","","","","","","","0","0","1","0.7023758817","","0.6","0.2","0.8","0.4","","","","","0.8735151232","0.218486712","0.7487724405","0.7023758817","","","","","","","","76","L","3","","","97","main_expt",""
"","bandit","177","894821","0.0-138.0-0.0","58605237","wem/bandit_either_3","AOVN1TVNI7HJ7","either","3","616","","","","","","","0","1","0","","0.7036518389","0.6","0.2","0.8","0.4","0.84409386","0.2037628256","0.7450583294","0.7036518389","","","","","","","","","","","","76","L","3","","","98","main_expt",""
"","bandit","178","896893","0.0-139.0-0.0","58605237","wem/bandit_either_3","AOVN1TVNI7HJ7","either","3","558","","","","","","","0","1","0","","0.8401346726","0.6","0.2","0.8","0.4","0.8089648913","0.2400196326","0.7227120129","0.8401346726","","","","","","","","","","","","76","L","3","","","99","main_expt",""
"","bandit","179","898829","0.0-140.0-0.0","58605237","wem/bandit_either_3","AOVN1TVNI7HJ7","either","3","425","","","","","","","1","0","0","0.8640782416","","0.6","0.2","0.8","0.4","","","","","0.7259557377","0.3298222115","0.5872141049","0.8640782416","","","","","","","","76","L","3","","","100","main_expt",""
"","bandit","180","900781","0.0-141.0-0.0","58605237","wem/bandit_either_3","AOVN1TVNI7HJ7","either","3","440","","","","","","","1","0","0","0.8232172207","","0.6","0.2","0.8","0.4","","","","","0.6332869741","0.3108047587","0.6432213136","0.8232172207","","","","","","","","76","L","3","","","101","main_expt",""
"","bandit","181","902886","0.0-142.0-0.0","58605237","wem/bandit_either_3","AOVN1TVNI7HJ7","either","3","591","","","","","","","0","1","0","","0.8451901448","0.6","0.2","0.8","0.4","0.659443461","0.2869381514","0.6009476408","0.8451901448","","","","","","","","","","","","76","L","3","","","102","main_expt",""
"","bandit","182","904948","0.0-143.0-0.0","58605237","wem/bandit_either_3","AOVN1TVNI7HJ7","either","3","551","","","","","","","0","0","1","","0.8792283932","0.6","0.2","0.8","0.4","0.5959971703","0.246485708","0.6120105745","0.8792283932","","","","","","","","","","","","76","L","3","","","103","main_expt",""
"","bandit","183","907053","0.0-144.0-0.0","58605237","wem/bandit_either_3","AOVN1TVNI7HJ7","either","3","593","","","","","","","1","0","0","0.8887181638","","0.6","0.2","0.8","0.4","","","","","0.5643630141","0.2175667678","0.6821098495","0.8887181638","","","","","","","","76","L","3","","","104","main_expt",""
"","bandit","184","909124","0.0-145.0-0.0","58605237","wem/bandit_either_3","AOVN1TVNI7HJ7","either","3","560","","","","","","","0","0","1","","0.8013578166","0.6","0.2","0.8","0.4","0.5489079514","0.2645808036","0.7228510016","0.8013578166","","","","","","","","","","","","76","L","3","","","105","main_expt",""
"","bandit","185","911127","0.0-146.0-0.0","58605237","wem/bandit_either_3","AOVN1TVNI7HJ7","either","3","490","","","","","","","0","1","0","","0.7307006529","0.6","0.2","0.8","0.4","0.4336033326","0.2652424516","0.6639212405","0.7307006529","","","","","","","","","","","","76","L","3","","","106","main_expt",""
"","bandit","186","913220","0.0-147.0-0.0","58605237","wem/bandit_either_3","AOVN1TVNI7HJ7","either","3","582","","","","","","","0","1","0","","0.7519500851","0.6","0.2","0.8","0.4","0.4779201531","0.2481661544","0.6237034742","0.7519500851","","","","","","","","","","","","76","L","3","","","107","main_expt",""
"","bandit","187","915245","0.0-148.0-0.0","58605237","wem/bandit_either_3","AOVN1TVNI7HJ7","either","3","509","","","","","","","0","1","0","","0.7457577851","0.6","0.2","0.8","0.4","0.5075294874","0.2361720859","0.5847293191","0.7457577851","","","","","","","","","","","","76","L","3","","","108","main_expt",""
"","bandit","188","917276","0.0-149.0-0.0","58605237","wem/bandit_either_3","AOVN1TVNI7HJ7","either","3","520","","","","","","","0","1","0","","0.77583868","0.6","0.2","0.8","0.4","0.522842385","0.2799679389","0.6260859175","0.77583868","","","","","","","","","","","","76","L","3","","","109","main_expt",""
"","bandit","189","919363","0.0-150.0-0.0","58605237","wem/bandit_either_3","AOVN1TVNI7HJ7","either","3","576","","","","","","","0","1","0","","0.7520827962","0.6","0.2","0.8","0.4","0.419893696","0.3333098602","0.4788227383","0.7520827962","","","","","","","","","","","","76","L","3","","","110","main_expt",""
"","bandit","190","921365","0.0-151.0-0.0","58605237","wem/bandit_either_3","AOVN1TVNI7HJ7","either","3","490","","","","","","","0","1","0","","0.6512809768","0.6","0.2","0.8","0.4","0.431092028","0.3669732535","0.6019778282","0.6512809768","","","","","","","","","","","","76","L","3","","","111","main_expt",""
"","bandit","191","923532","0.0-152.0-0.0","58605237","wem/bandit_either_3","AOVN1TVNI7HJ7","either","3","655","","","","","","","0","0","1","","0.5891937939","0.6","0.2","0.8","0.4","0.3590071368","0.389765336","0.546445977","0.5891937939","","","","","","","","","","","","76","L","3","","","112","main_expt",""
"","bandit","192","925605","0.0-153.0-0.0","58605237","wem/bandit_either_3","AOVN1TVNI7HJ7","either","3","559","","","","","","","0","0","1","0.6490525038","","0.6","0.2","0.8","0.4","","","","","0.4498419114","0.3191506652","0.6256092846","0.6490525038","","","","","","","","76","L","3","","","113","main_expt",""
"","bandit","193","927772","0.0-154.0-0.0","58605237","wem/bandit_either_3","AOVN1TVNI7HJ7","either","3","655","","","","","","","0","0","1","","0.6283680234","0.6","0.2","0.8","0.4","0.4829831469","0.2090321438","0.6577617598","0.6283680234","","","","","","","","","","","","76","L","3","","","114","main_expt",""
"","bandit","194","929708","0.0-155.0-0.0","58605237","wem/bandit_either_3","AOVN1TVNI7HJ7","either","3","423","","","","","","","0","0","1","","0.6064224059","0.6","0.2","0.8","0.4","0.4846695964","0.2094439124","0.7140476354","0.6064224059","","","","","","","","","","","","76","L","3","","","115","main_expt",""
"","bandit","195","931951","0.0-156.0-0.0","58605237","wem/bandit_either_3","AOVN1TVNI7HJ7","either","3","731","","","","","","","0","0","1","","0.5396909338","0.6","0.2","0.8","0.4","0.5396909338","0.2695181069","0.6589976567","0.545813367","","","","","","","","","","","","72","H","0","img/none_selected.jpg","","116","main_expt",""
"","bandit","196","933995","0.0-157.0-0.0","58605237","wem/bandit_either_3","AOVN1TVNI7HJ7","either","3","529","","","","","","","0","0","1","","0.3402036285","0.6","0.2","0.8","0.4","0.5378282835","0.3402036285","0.6937703341","0.5179373022","","","","","","","","","","","","74","J","1","","","117","main_expt",""
"","bandit","197","936180","0.0-158.0-0.0","58605237","wem/bandit_either_3","AOVN1TVNI7HJ7","either","3","674","","","","","","","0","0","1","","0.77114399","0.6","0.2","0.8","0.4","0.5729988564","0.3101634078","0.77114399","0.4014157923","","","","","","","","","","","","75","K","2","","","118","main_expt",""
"","bandit","198","938189","0.0-159.0-0.0","58605237","wem/bandit_either_3","AOVN1TVNI7HJ7","either","3","495","","","","","","","0","0","1","","0.4360264599","0.6","0.2","0.8","0.4","0.5630251564","0.3242193616","0.710000291","0.4360264599","","","","","","","","","","","","76","L","3","","","119","main_expt",""
"","bandit","199","940291","0.0-160.0-0.0","58605237","wem/bandit_either_3","AOVN1TVNI7HJ7","either","3","590","","","","","","","1","0","0","0.6482115929","","0.6","0.2","0.8","0.4","","","","","0.6482115929","0.3334277272","0.6767982245","0.3297853269","","","","","","","","72","H","0","img/none_selected.jpg","","120","main_expt",""
"","bandit","200","942431","0.0-161.0-0.0","58605237","wem/bandit_either_3","AOVN1TVNI7HJ7","either","3","627","","","","","","","0","0","1","0.5688505083","","0.6","0.2","0.8","0.4","","","","","0.5688505083","0.4066521311","0.7360115258","0.3767442019","","","","","","","","72","H","0","img/none_selected.jpg","","121","main_expt",""
"","bandit","201","944500","0.0-162.0-0.0","58605237","wem/bandit_either_3","AOVN1TVNI7HJ7","either","3","557","","","","","","","0","0","1","","0.5349597204","0.6","0.2","0.8","0.4","0.5349597204","0.5193034213","0.7258716992","0.3589515546","","","","","","","","","","","","72","H","0","img/none_selected.jpg","","122","main_expt",""
"","bandit","202","946565","0.0-163.0-0.0","58605237","wem/bandit_either_3","AOVN1TVNI7HJ7","either","3","550","","","","","","","0","0","1","0.412887176","","0.6","0.2","0.8","0.4","","","","","0.412887176","0.5594962391","0.7848203729","0.3461890545","","","","","","","","72","H","0","img/none_selected.jpg","","123","main_expt",""
"","bandit","203","948671","0.0-164.0-0.0","58605237","wem/bandit_either_3","AOVN1TVNI7HJ7","either","3","592","","","","","","","0","0","1","0.4137060999","","0.6","0.2","0.8","0.4","","","","","0.4137060999","0.6876014299","0.7673004895","0.2287340519","","","","","","","","72","H","0","img/none_selected.jpg","","124","main_expt",""
"","bandit","204","950791","0.0-165.0-0.0","58605237","wem/bandit_either_3","AOVN1TVNI7HJ7","either","3","603","","","","","","","0","0","1","0.2900718705","","0.6","0.2","0.8","0.4","","","","","0.3226696341","0.7354493796","0.8020703208","0.2900718705","","","","","","","","76","L","3","","","125","main_expt",""
"","bandit","205","952882","0.0-166.0-0.0","58605237","wem/bandit_either_3","AOVN1TVNI7HJ7","either","3","577","","","","","","","0","0","1","0.2880997441","","0.6","0.2","0.8","0.4","","","","","0.3904211026","0.76840964","0.8196031782","0.2880997441","","","","","","","","76","L","3","","","126","main_expt",""
"","bandit","206","954909","0.0-167.0-0.0","58605237","wem/bandit_either_3","AOVN1TVNI7HJ7","either","3","514","","","","","","","0","0","1","","0.7310750685","0.6","0.2","0.8","0.4","0.4227014292","0.7310750685","0.7095492128","0.3451069126","","","","","","","","","","","","74","J","1","","","127","main_expt",""
"","bandit","207","956950","0.0-168.0-0.0","58605237","wem/bandit_either_3","AOVN1TVNI7HJ7","either","3","528","","","","","","","0","0","1","","0.6582635175","0.6","0.2","0.8","0.4","0.543317668","0.6582635175","0.711577854","0.3129298861","","","","","","","","","","","","74","J","1","","","128","main_expt",""
"","bandit","208","958934","0.0-169.0-0.0","58605237","wem/bandit_either_3","AOVN1TVNI7HJ7","either","3","470","","","","","","","1","0","0","0.7022761705","","0.6","0.2","0.8","0.4","","","","","0.5906282681","0.7529887683","0.7022761705","0.3507055597","","","","","","","","75","K","2","","","129","main_expt",""
"","bandit","209","961046","0.0-170.0-0.0","58605237","wem/bandit_either_3","AOVN1TVNI7HJ7","either","3","600","","","","","","","1","0","0","0.7309419319","","0.6","0.2","0.8","0.4","","","","","0.6636268631","0.7929301986","0.7309419319","0.3753424236","","","","","","","","75","K","2","","","130","main_expt",""
"","bandit","210","963056","0.0-171.0-0.0","58605237","wem/bandit_either_3","AOVN1TVNI7HJ7","either","3","496","","","","","","","0","0","1","","0.6904825683","0.6","0.2","0.8","0.4","0.5686699027","0.8149544693","0.6904825683","0.3473486375","","","","","","","","","","","","75","K","2","","","131","main_expt",""
"","bandit","211","965158","0.0-172.0-0.0","58605237","wem/bandit_either_3","AOVN1TVNI7HJ7","either","3","589","","","","","","","1","0","0","0.7153166113","","0.6","0.2","0.8","0.4","","","","","0.6564012045","0.7626544417","0.7153166113","0.303679922","","","","","","","","75","K","2","","","132","main_expt",""
"","bandit","212","967190","0.0-173.0-0.0","58605237","wem/bandit_either_3","AOVN1TVNI7HJ7","either","3","518","","","","","","","1","0","0","0.8135501627","","0.6","0.2","0.8","0.4","","","","","0.5876654864","0.7584501248","0.8135501627","0.3385565331","","","","","","","","75","K","2","","","133","main_expt",""
"","bandit","213","969271","0.0-174.0-0.0","58605237","wem/bandit_either_3","AOVN1TVNI7HJ7","either","3","568","","","","","","","1","0","0","0.7707892239","","0.6","0.2","0.8","0.4","","","","","0.5299368298","0.7905015291","0.7707892239","0.3686406913","","","","","","","","75","K","2","","","134","main_expt",""
"","bandit","214","971301","0.0-175.0-0.0","58605237","wem/bandit_either_3","AOVN1TVNI7HJ7","either","3","517","","","","","","","1","0","0","0.7689088841","","0.6","0.2","0.8","0.4","","","","","0.4547966061","0.7515189777","0.7689088841","0.3672202126","","","","","","","","75","K","2","","","135","main_expt",""
"","bandit","215","973311","0.0-176.0-0.0","58605237","wem/bandit_either_3","AOVN1TVNI7HJ7","either","3","497","","","","","","","0","0","1","0.6641324257","","0.6","0.2","0.8","0.4","","","","","0.5290841583","0.7293518859","0.6641324257","0.4064769993","","","","","","","","75","K","2","","","136","main_expt",""
"","bandit","216","975221","0.0-177.0-0.0","58605237","wem/bandit_either_3","AOVN1TVNI7HJ7","either","3","396","","","","","","","0","0","1","","0.635388201","0.6","0.2","0.8","0.4","0.419904672","0.7286216209","0.635388201","0.3492503667","","","","","","","","","","","","75","K","2","","","137","main_expt",""
"","bandit","217","977276","0.0-178.0-0.0","58605237","wem/bandit_either_3","AOVN1TVNI7HJ7","either","3","543","","","","","","","0","0","1","0.6889508363","","0.6","0.2","0.8","0.4","","","","","0.4532768315","0.7425921641","0.6889508363","0.3315752647","","","","","","","","75","K","2","","","138","main_expt",""
"","bandit","218","979293","0.0-179.0-0.0","58605237","wem/bandit_either_3","AOVN1TVNI7HJ7","either","3","504","","","","","","","0","0","1","0.6481427694","","0.6","0.2","0.8","0.4","","","","","0.4194835996","0.7356638012","0.6481427694","0.3080831972","","","","","","","","75","K","2","","","139","main_expt",""
"","bandit","219","981316","0.0-180.0-0.0","58605237","wem/bandit_either_3","AOVN1TVNI7HJ7","either","3","512","","","","","","","1","0","0","0.6497449761","","0.6","0.2","0.8","0.4","","","","","0.420008375","0.7334346803","0.6497449761","0.3254670704","","","","","","","","75","K","2","","","140","main_expt",""
"","bandit","220","983328","0.0-181.0-0.0","58605237","wem/bandit_either_3","AOVN1TVNI7HJ7","either","3","498","","","","","","","1","0","0","0.7328205829","","0.6","0.2","0.8","0.4","","","","","0.3908595681","0.7737071977","0.7328205829","0.3452870884","","","","","","","","75","K","2","","","141","main_expt",""
"","bandit","221","985244","0.0-182.0-0.0","58605237","wem/bandit_either_3","AOVN1TVNI7HJ7","either","3","403","","","","","","","1","0","0","0.6396752577","","0.6","0.2","0.8","0.4","","","","","0.3994278682","0.7912630164","0.6396752577","0.2659846132","","","","","","","","75","K","2","","","142","main_expt",""
"","bandit","222","987262","0.0-183.0-0.0","58605237","wem/bandit_either_3","AOVN1TVNI7HJ7","either","3","501","","","","","","","1","0","0","0.5974809775","","0.6","0.2","0.8","0.4","","","","","0.3137486051","0.7709923268","0.5974809775","0.2549781044","","","","","","","","75","K","2","","","143","main_expt",""
"","bandit","223","989205","0.0-184.0-0.0","58605237","wem/bandit_either_3","AOVN1TVNI7HJ7","either","3","430","","","","","","","0","0","1","0.5953980303","","0.6","0.2","0.8","0.4","","","","","0.3961992406","0.7492848764","0.5953980303","0.3603981418","","","","","","","","75","K","2","","","144","main_expt",""
"","bandit","224","991223","0.0-185.0-0.0","58605237","wem/bandit_either_3","AOVN1TVNI7HJ7","either","3","503","","","","","","","0","0","1","0.6215671736","","0.6","0.2","0.8","0.4","","","","","0.3186856111","0.7343485297","0.6215671736","0.3682949958","","","","","","","","75","K","2","","","145","main_expt",""
"","bandit","225","993865","0.0-186.0-0.0","58605237","wem/bandit_either_3","AOVN1TVNI7HJ7","either","3","1129","","","","","","","1","0","0","0.5766937592","","0.6","0.2","0.8","0.4","","","","","0.2724247948","0.7701032705","0.5766937592","0.5028772858","","","","","","","","75","K","2","","","146","main_expt",""
"","bandit","226","996006","0.0-187.0-0.0","58605237","wem/bandit_either_3","AOVN1TVNI7HJ7","either","3","625","","","","","","","1","0","0","0.4600492943","","0.6","0.2","0.8","0.4","","","","","0.2844288079","0.7521601774","0.4600492943","0.4186890645","","","","","","","","75","K","2","","","147","main_expt",""
"","bandit","227","998102","0.0-188.0-0.0","58605237","wem/bandit_either_3","AOVN1TVNI7HJ7","either","3","583","","","","","","","0","0","1","0.4575448178","","0.6","0.2","0.8","0.4","","","","","0.3095389551","0.7762143641","0.4575448178","0.3928328601","","","","","","","","75","K","2","","","148","main_expt",""
"","bandit","228","1000054","0.0-189.0-0.0","58605237","wem/bandit_either_3","AOVN1TVNI7HJ7","either","3","437","","","","","","","0","0","1","0.3840278576","","0.6","0.2","0.8","0.4","","","","","0.2464654743","0.716016993","0.3840278576","0.4220063763","","","","","","","","75","K","2","","","149","main_expt",""
"","bandit","229","1002191","0.0-190.0-0.0","58605237","wem/bandit_either_3","AOVN1TVNI7HJ7","either","3","623","","","","","","","0","0","1","0.3004406684","","0.6","0.2","0.8","0.4","","","","","0.2088091358","0.7182774931","0.3004406684","0.3206822378","","","","","","","","75","K","2","","","150","main_expt",""
"","bandit","230","1004166","0.0-191.0-0.0","58605237","wem/bandit_either_3","AOVN1TVNI7HJ7","either","3","462","","","","","","","0","0","1","","0.8028216805","0.6","0.2","0.8","0.4","0.2670014618","0.8028216805","0.2769981479","0.3380172956","","","","","","","","","","","","74","J","1","","","151","main_expt",""
"","bandit","231","1006214","0.0-192.0-0.0","58605237","wem/bandit_either_3","AOVN1TVNI7HJ7","either","3","535","","","","","","","0","0","1","0.8634692279","","0.6","0.2","0.8","0.4","","","","","0.3100930243","0.8634692279","0.40565407","0.2461440624","","","","","","","","74","J","1","","","152","main_expt",""
"","bandit","232","1008318","0.0-193.0-0.0","58605237","wem/bandit_either_3","AOVN1TVNI7HJ7","either","3","586","","","","","","","0","1","0","","0.3796096158","0.6","0.2","0.8","0.4","0.3796096158","0.7719190238","0.3829351634","0.1852716423","","","","","","","","","","","","72","H","0","img/none_selected.jpg","","153","main_expt",""
"","bandit","233","1010316","0.0-194.0-0.0","58605237","wem/bandit_either_3","AOVN1TVNI7HJ7","either","3","486","","","","","","","0","0","1","","0.2265028128","0.6","0.2","0.8","0.4","0.2265028128","0.8343429945","0.4912137185","0.1660439368","","","","","","","","","","","","72","H","0","img/none_selected.jpg","","154","main_expt",""
"","bandit","234","1012348","0.0-195.0-0.0","58605237","wem/bandit_either_3","AOVN1TVNI7HJ7","either","3","518","","","","","","","0","0","1","","0.2135741777","0.6","0.2","0.8","0.4","0.2135741777","0.7908731232","0.5312535156","0.2241607793","","","","","","","","","","","","72","H","0","img/none_selected.jpg","","155","main_expt",""
"","bandit","235","1014429","0.0-196.0-0.0","58605237","wem/bandit_either_3","AOVN1TVNI7HJ7","either","3","567","","","","","","","0","0","1","0.1338357519","","0.6","0.2","0.8","0.4","","","","","0.1338357519","0.7848911391","0.5747898199","0.1566338899","","","","","","","","72","H","0","img/none_selected.jpg","","156","main_expt",""
"","bandit","236","1016548","0.0-197.0-0.0","58605237","wem/bandit_either_3","AOVN1TVNI7HJ7","either","3","605","","","","","","","0","0","1","","0.1839373886","0.6","0.2","0.8","0.4","0.1344370697","0.7467155263","0.5948125822","0.1839373886","","","","","","","","","","","","76","L","3","","","157","main_expt",""
"","bandit","237","1018540","0.0-198.0-0.0","58605237","wem/bandit_either_3","AOVN1TVNI7HJ7","either","3","478","","","","","","","1","0","0","0.6533804049","","0.6","0.2","0.8","0.4","","","","","0.1217930933","0.7413618202","0.6533804049","0.155802242","","","","","","","","75","K","2","","","158","main_expt",""
"","bandit","238","1020475","0.0-199.0-0.0","58605237","wem/bandit_either_3","AOVN1TVNI7HJ7","either","3","422","","","","","","","1","0","0","0.5777198579","","0.6","0.2","0.8","0.4","","","","","0.08524485746","0.6882043704","0.5777198579","0.2304237345","","","","","","","","75","K","2","","","159","main_expt",""
"","bandit","239","1022508","0.0-200.0-0.0","58605237","wem/bandit_either_3","AOVN1TVNI7HJ7","either","3","519","","","","","","","1","0","0","0.6777741118","","0.6","0.2","0.8","0.4","","","","","0.07332219892","0.7253096401","0.6777741118","0.2242026456","","","","","","","","75","K","2","","","160","main_expt",""
"","bandit","240","1024446","0.0-201.0-0.0","58605237","wem/bandit_either_3","AOVN1TVNI7HJ7","either","3","424","","","","","","","0","1","0","","0.6249074267","0.6","0.2","0.8","0.4","0.1063489691","0.6989182833","0.6249074267","0.2708915048","","","","","","","","","","","","75","K","2","","","161","main_expt",""
"","bandit","241","1026315","0.0-202.0-0.0","58605237","wem/bandit_either_3","AOVN1TVNI7HJ7","either","3","354","","","","","","","1","0","0","0.6755041601","","0.6","0.2","0.8","0.4","","","","","0.09670310095","0.7679575172","0.6755041601","0.2921592604","","","","","","","","75","K","2","","","162","main_expt",""
"","bandit","242","1028378","0.0-203.0-0.0","58605237","wem/bandit_either_3","AOVN1TVNI7HJ7","either","3","552","","","","","","","0","0","1","","0.6461818487","0.6","0.2","0.8","0.4","0.1266359811","0.6877390752","0.6461818487","0.2050535257","","","","","","","","","","","","75","K","2","","","163","main_expt",""
"","bandit","243","1030443","0.0-204.0-0.0","58605237","wem/bandit_either_3","AOVN1TVNI7HJ7","either","3","551","","","","","","","1","0","0","0.76368027","","0.6","0.2","0.8","0.4","","","","","0.1212611996","0.6957575266","0.76368027","0.1998759094","","","","","","","","75","K","2","","","164","main_expt",""
"","bandit","244","1032540","0.0-205.0-0.0","58605237","wem/bandit_either_3","AOVN1TVNI7HJ7","either","3","583","","","","","","","1","0","0","0.8400099296","","0.6","0.2","0.8","0.4","","","","","0.1917887173","0.6760148625","0.8400099296","0.1821974317","","","","","","","","75","K","2","","","165","main_expt",""
"","bandit","245","1034559","0.0-206.0-0.0","58605237","wem/bandit_either_3","AOVN1TVNI7HJ7","either","3","502","","","","","","","1","0","0","0.8573275969","","0.6","0.2","0.8","0.4","","","","","0.1560613016","0.6463317238","0.8573275969","0.2916844583","","","","","","","","75","K","2","","","166","main_expt",""
"","bandit","246","1036580","0.0-207.0-0.0","58605237","wem/bandit_either_3","AOVN1TVNI7HJ7","either","3","505","","","","","","","1","0","0","0.7735369509","","0.6","0.2","0.8","0.4","","","","","0.2214887095","0.5613055562","0.7735369509","0.3087465624","","","","","","","","75","K","2","","","167","main_expt",""
"","bandit","247","1038516","0.0-208.0-0.0","58605237","wem/bandit_either_3","AOVN1TVNI7HJ7","either","3","421","","","","","","","0","1","0","","0.8091314607","0.6","0.2","0.8","0.4","0.3463453368","0.5586162784","0.8091314607","0.3896626528","","","","","","","","","","","","75","K","2","","","168","main_expt",""
"","bandit","248","1040597","0.0-209.0-0.0","58605237","wem/bandit_either_3","AOVN1TVNI7HJ7","either","3","565","","","","","","","0","0","1","","0.8364166478","0.6","0.2","0.8","0.4","0.3222551453","0.597448185","0.8364166478","0.4458805252","","","","","","","","","","","","75","K","2","","","169","main_expt",""
"","bandit","249","1042589","0.0-210.0-0.0","58605237","wem/bandit_either_3","AOVN1TVNI7HJ7","either","3","477","","","","","","","1","0","0","0.7867883415","","0.6","0.2","0.8","0.4","","","","","0.2556410415","0.5351242352","0.7867883415","0.4844269655","","","","","","","","75","K","2","","","170","main_expt",""
"","bandit","250","1044687","0.0-211.0-0.0","58605237","wem/bandit_either_3","AOVN1TVNI7HJ7","either","3","582","","","","","","","1","0","0","0.8728822524","","0.6","0.2","0.8","0.4","","","","","0.2248109201","0.4819966971","0.8728822524","0.4858642724","","","","","","","","75","K","2","","","171","main_expt",""
"","bandit","251","1046678","0.0-212.0-0.0","58605237","wem/bandit_either_3","AOVN1TVNI7HJ7","either","3","476","","","","","","","0","0","1","0.7804912391","","0.6","0.2","0.8","0.4","","","","","0.3468742366","0.4038669266","0.7804912391","0.5060245996","","","","","","","","75","K","2","","","172","main_expt",""
"","bandit","252","1048749","0.0-213.0-0.0","58605237","wem/bandit_either_3","AOVN1TVNI7HJ7","either","3","554","","","","","","","0","0","1","","0.7728490534","0.6","0.2","0.8","0.4","0.234408543","0.3102533384","0.7728490534","0.5413528159","","","","","","","","","","","","75","K","2","","","173","main_expt",""
"","bandit","253","1050886","0.0-214.0-0.0","58605237","wem/bandit_either_3","AOVN1TVNI7HJ7","either","3","620","","","","","","","0","1","0","","0.814185781","0.6","0.2","0.8","0.4","0.1404050277","0.3818943333","0.814185781","0.6505326818","","","","","","","","","","","","75","K","2","","","174","main_expt",""
"","bandit","254","1052957","0.0-215.0-0.0","58605237","wem/bandit_either_3","AOVN1TVNI7HJ7","either","3","556","","","","","","","0","1","0","","0.8010682597","0.6","0.2","0.8","0.4","0.1081611795","0.2893198216","0.8010682597","0.6470977149","","","","","","","","","","","","75","K","2","","","175","main_expt",""
"","bandit","255","1054967","0.0-216.0-0.0","58605237","wem/bandit_either_3","AOVN1TVNI7HJ7","either","3","497","","","","","","","1","0","0","0.7083228223","","0.6","0.2","0.8","0.4","","","","","0.0730283124","0.226416223","0.7083228223","0.6844229635","","","","","","","","75","K","2","","","176","main_expt",""
"","bandit","256","1056963","0.0-217.0-0.0","58605237","wem/bandit_either_3","AOVN1TVNI7HJ7","either","3","481","","","","","","","1","0","0","0.7408938443","","0.6","0.2","0.8","0.4","","","","","0.07044941978","0.2786676386","0.7408938443","0.6883244284","","","","","","","","75","K","2","","","177","main_expt",""
"","bandit","257","1058773","0.0-218.0-0.0","58605237","wem/bandit_either_3","AOVN1TVNI7HJ7","either","3","295","","","","","","","1","0","0","0.6621187214","","0.6","0.2","0.8","0.4","","","","","0.06886985111","0.2279078815","0.6621187214","0.6098590842","","","","","","","","75","K","2","","","178","main_expt",""
"","bandit","258","1060723","0.0-219.0-0.0","58605237","wem/bandit_either_3","AOVN1TVNI7HJ7","either","3","436","","","","","","","0","0","1","0.6765487854","","0.6","0.2","0.8","0.4","","","","","0.07254371148","0.1690126781","0.6765487854","0.5924449164","","","","","","","","75","K","2","","","179","main_expt",""
"","bandit","259","1062789","0.0-220.0-0.0","58605237","wem/bandit_either_3","AOVN1TVNI7HJ7","either","3","550","","","","","","","1","0","0","0.7276027883","","0.6","0.2","0.8","0.4","","","","","0.055057054","0.1356066944","0.7276027883","0.4915111467","","","","","","","","75","K","2","","","180","main_expt",""
"","bandit","260","1064763","0.0-221.0-0.0","58605237","wem/bandit_either_3","AOVN1TVNI7HJ7","either","3","460","","","","","","","1","0","0","0.7083410305","","0.6","0.2","0.8","0.4","","","","","0.1187845962","0.1889441784","0.7083410305","0.4713933083","","","","","","","","75","K","2","","","181","main_expt",""
"","bandit","261","1066878","0.0-222.0-0.0","58605237","wem/bandit_either_3","AOVN1TVNI7HJ7","either","3","599","","","","","","","0","0","1","0.6489729838","","0.6","0.2","0.8","0.4","","","","","0.1304227184","0.2163976064","0.6489729838","0.500114893","","","","","","","","75","K","2","","","182","main_expt",""
"","bandit","262","1068900","0.0-223.0-0.0","58605237","wem/bandit_either_3","AOVN1TVNI7HJ7","either","3","505","","","","","","","0","1","0","","0.6956751073","0.6","0.2","0.8","0.4","0.1374638341","0.1902524086","0.6956751073","0.4949273894","","","","","","","","","","","","75","K","2","","","183","main_expt",""
"","bandit","263","1070798","0.0-224.0-0.0","58605237","wem/bandit_either_3","AOVN1TVNI7HJ7","either","3","381","","","","","","","1","0","0","0.6066537109","","0.6","0.2","0.8","0.4","","","","","0.1914365344","0.2265805791","0.6066537109","0.4271361476","","","","","","","","75","K","2","","","184","main_expt",""
"","bandit","264","1072724","0.0-225.0-0.0","58605237","wem/bandit_either_3","AOVN1TVNI7HJ7","either","3","408","","","","","","","0","0","1","0.6337362372","","0.6","0.2","0.8","0.4","","","","","0.1939872458","0.1843452782","0.6337362372","0.4558255176","","","","","","","","75","K","2","","","185","main_expt",""
"","bandit","265","1074740","0.0-226.0-0.0","58605237","wem/bandit_either_3","AOVN1TVNI7HJ7","either","3","503","","","","","","","0","0","1","0.5908962551","","0.6","0.2","0.8","0.4","","","","","0.2219937035","0.1898387663","0.5908962551","0.4031301461","","","","","","","","75","K","2","","","186","main_expt",""
"","bandit","266","1076693","0.0-227.0-0.0","58605237","wem/bandit_either_3","AOVN1TVNI7HJ7","either","3","436","","","","","","","1","0","0","0.7651761031","","0.6","0.2","0.8","0.4","","","","","0.2024523472","0.210498268","0.7651761031","0.3993697366","","","","","","","","75","K","2","","","187","main_expt",""
"","bandit","267","1078613","0.0-228.0-0.0","58605237","wem/bandit_either_3","AOVN1TVNI7HJ7","either","3","404","","","","","","","1","0","0","0.7928336054","","0.6","0.2","0.8","0.4","","","","","0.1930401344","0.2368649008","0.7928336054","0.4478687375","","","","","","","","75","K","2","","","188","main_expt",""
"","bandit","268","1080605","0.0-229.0-0.0","58605237","wem/bandit_either_3","AOVN1TVNI7HJ7","either","3","477","","","","","","","0","1","0","","0.8917358491","0.6","0.2","0.8","0.4","0.3255404916","0.291591963","0.8917358491","0.3699601256","","","","","","","","","","","","75","K","2","","","189","main_expt",""
"","bandit","269","1082725","0.0-230.0-0.0","58605237","wem/bandit_either_3","AOVN1TVNI7HJ7","either","3","601","","","","","","","1","0","0","0.898448025","","0.6","0.2","0.8","0.4","","","","","0.2364063212","0.4411779124","0.898448025","0.3723251068","","","","","","","","75","K","2","","","190","main_expt",""
"","bandit","270","1084590","0.0-231.0-0.0","58605237","wem/bandit_either_3","AOVN1TVNI7HJ7","either","3","348","","","","","","","1","0","0","0.9186708851","","0.6","0.2","0.8","0.4","","","","","0.2662767285","0.3968704403","0.9186708851","0.3309849287","","","","","","","","75","K","2","","","191","main_expt",""
"","bandit","271","1086476","0.0-232.0-0.0","58605237","wem/bandit_either_3","AOVN1TVNI7HJ7","either","3","371","","","","","","","1","0","0","0.9314477517","","0.6","0.2","0.8","0.4","","","","","0.2815174114","0.4512817608","0.9314477517","0.2865625263","","","","","","","","75","K","2","","","192","main_expt",""
"","bandit","272","1088499","0.0-233.0-0.0","58605237","wem/bandit_either_3","AOVN1TVNI7HJ7","either","3","509","","","","","","","1","0","0","0.9090465067","","0.6","0.2","0.8","0.4","","","","","0.3461293965","0.4788006455","0.9090465067","0.2862811746","","","","","","","","75","K","2","","","193","main_expt",""
"","bandit","273","1090494","0.0-234.0-0.0","58605237","wem/bandit_either_3","AOVN1TVNI7HJ7","either","3","478","","","","","","","1","0","0","0.8762249788","","0.6","0.2","0.8","0.4","","","","","0.3303735913","0.4651889587","0.8762249788","0.2785288642","","","","","","","","75","K","2","","","194","main_expt",""
"","bandit","274","1092524","0.0-235.0-0.0","58605237","wem/bandit_either_3","AOVN1TVNI7HJ7","either","3","516","","","","","","","1","0","0","0.8623185747","","0.6","0.2","0.8","0.4","","","","","0.3194565039","0.4718629942","0.8623185747","0.2283941808","","","","","","","","75","K","2","","","195","main_expt",""
"","bandit","275","1094486","0.0-236.0-0.0","58605237","wem/bandit_either_3","AOVN1TVNI7HJ7","either","3","445","","","","","","","0","1","0","","0.7745977574","0.6","0.2","0.8","0.4","0.4103944464","0.3825708332","0.7745977574","0.214282227","","","","","","","","","","","","75","K","2","","","196","main_expt",""
"","bandit","276","1096420","0.0-237.0-0.0","58605237","wem/bandit_either_3","AOVN1TVNI7HJ7","either","3","418","","","","","","","0","0","1","0.7723069829","","0.6","0.2","0.8","0.4","","","","","0.4445726534","0.4530864699","0.7723069829","0.1422959513","","","","","","","","75","K","2","","","197","main_expt",""
"","bandit","277","1098549","0.0-238.0-0.0","58605237","wem/bandit_either_3","AOVN1TVNI7HJ7","either","3","613","","","","","","","1","0","0","0.7084082875","","0.6","0.2","0.8","0.4","","","","","0.4351718099","0.4337652667","0.7084082875","0.1126324943","","","","","","","","75","K","2","","","198","main_expt",""
"","bandit","278","1100621","0.0-239.0-0.0","58605237","wem/bandit_either_3","AOVN1TVNI7HJ7","either","3","556","","","","","","","1","0","0","0.7016883558","","0.6","0.2","0.8","0.4","","","","","0.4641294157","0.4138332966","0.7016883558","0.1144166609","","","","","","","","75","K","2","","","199","main_expt",""
"","bandit","279","1102515","0.0-240.0-0.0","58605237","wem/bandit_either_3","AOVN1TVNI7HJ7","either","3","380","","","","","","","0","0","1","","0.6504384346","0.6","0.2","0.8","0.4","0.4468687069","0.5005175686","0.6504384346","0.1518003708","","","","","","","","","","","","75","K","2","","","200","main_expt",""
"","bandit","280","1104715","0.0-241.0-0.0","58605237","wem/bandit_either_3","AOVN1TVNI7HJ7","either","3","683","","","","","","","0","0","1","0.7904945102","","0.6","0.2","0.8","0.4","","","","","0.5087435212","0.5122642399","0.7904945102","0.1974433607","","","","","","","","75","K","2","","","201","main_expt",""
"","bandit","281","1106884","0.0-242.0-0.0","58605237","wem/bandit_either_3","AOVN1TVNI7HJ7","either","3","652","","","","","","","0","0","1","","0.7039472437","0.6","0.2","0.8","0.4","0.4992132835","0.5414597976","0.7039472437","0.2000842809","","","","","","","","","","","","75","K","2","","","202","main_expt",""
"","bandit","282","1108957","0.0-243.0-0.0","58605237","wem/bandit_either_3","AOVN1TVNI7HJ7","either","3","556","","","","","","","1","0","0","0.7478807213","","0.6","0.2","0.8","0.4","","","","","0.4859842053","0.4993649945","0.7478807213","0.1715580826","","","","","","","","75","K","2","","","203","main_expt",""
"","bandit","283","1110816","0.0-244.0-0.0","58605237","wem/bandit_either_3","AOVN1TVNI7HJ7","either","3","344","","","","","","","1","0","0","0.7346150791","","0.6","0.2","0.8","0.4","","","","","0.6162755314","0.4056752737","0.7346150791","0.3028604286","","","","","","","","75","K","2","","","204","main_expt",""
"","bandit","284","1112908","0.0-245.0-0.0","58605237","wem/bandit_either_3","AOVN1TVNI7HJ7","either","3","577","","","","","","","1","0","0","0.7240623961","","0.6","0.2","0.8","0.4","","","","","0.6204906845","0.4174768156","0.7240623961","0.3714949669","","","","","","","","75","K","2","","","205","main_expt",""
"","bandit","285","1114981","0.0-246.0-0.0","58605237","wem/bandit_either_3","AOVN1TVNI7HJ7","either","3","557","","","","","","","0","0","1","0.733657826","","0.6","0.2","0.8","0.4","","","","","0.6390595606","0.4364097613","0.733657826","0.3034865557","","","","","","","","75","K","2","","","206","main_expt",""
"","bandit","286","1116996","0.0-247.0-0.0","58605237","wem/bandit_either_3","AOVN1TVNI7HJ7","either","3","502","","","","","","","1","0","0","0.6797091947","","0.6","0.2","0.8","0.4","","","","","0.6022157482","0.4666062126","0.6797091947","0.2688105372","","","","","","","","75","K","2","","","207","main_expt",""
"","bandit","287","1119182","0.0-248.0-0.0","58605237","wem/bandit_either_3","AOVN1TVNI7HJ7","either","3","668","","","","","","","1","0","0","0.472157919","","0.6","0.2","0.8","0.4","","","","","0.6598502583","0.4594719295","0.472157919","0.2240001326","","","","","","","","75","K","2","","","208","main_expt",""
"","bandit","288","1121173","0.0-249.0-0.0","58605237","wem/bandit_either_3","AOVN1TVNI7HJ7","either","3","478","","","","","","","1","0","0","0.4993955773","","0.6","0.2","0.8","0.4","","","","","0.6329069529","0.5415101973","0.4993955773","0.3284172364","","","","","","","","75","K","2","","","209","main_expt",""
"","bandit","289","1123180","0.0-250.0-0.0","58605237","wem/bandit_either_3","AOVN1TVNI7HJ7","either","3","492","","","","","","","0","0","1","0.3923888982","","0.6","0.2","0.8","0.4","","","","","0.5418549626","0.5627952802","0.3923888982","0.3178667136","","","","","","","","75","K","2","","","210","main_expt",""
"","bandit","290","1125244","0.0-251.0-0.0","58605237","wem/bandit_either_3","AOVN1TVNI7HJ7","either","3","548","","","","","","","0","1","0","","0.4183885941","0.6","0.2","0.8","0.4","0.7265410197","0.5779033475","0.4183885941","0.278360526","","","","","","","","","","","","75","K","2","","","211","main_expt",""
"","bandit","291","1127260","0.0-252.0-0.0","58605237","wem/bandit_either_3","AOVN1TVNI7HJ7","either","3","499","","","","","","","0","0","1","0.5367383083","","0.6","0.2","0.8","0.4","","","","","0.6550819281","0.6169713091","0.5367383083","0.2720231684","","","","","","","","75","K","2","","","212","main_expt",""
"","bandit","292","1129148","0.0-253.0-0.0","58605237","wem/bandit_either_3","AOVN1TVNI7HJ7","either","3","373","","","","","","","1","0","0","0.5779451767","","0.6","0.2","0.8","0.4","","","","","0.5812500281","0.5688165975","0.5779451767","0.3445332441","","","","","","","","75","K","2","","","213","main_expt",""
"","bandit","293","1131069","0.0-254.0-0.0","58605237","wem/bandit_either_3","AOVN1TVNI7HJ7","either","3","403","","","","","","","1","0","0","0.5615700258","","0.6","0.2","0.8","0.4","","","","","0.6912727382","0.5354690829","0.5615700258","0.331154659","","","","","","","","75","K","2","","","214","main_expt",""
"","bandit","294","1132935","0.0-255.0-0.0","58605237","wem/bandit_either_3","AOVN1TVNI7HJ7","either","3","348","","","","","","","0","0","1","0.5361399643","","0.6","0.2","0.8","0.4","","","","","0.695573978","0.4395706401","0.5361399643","0.3168016653","","","","","","","","75","K","2","","","215","main_expt",""
"","bandit","295","1134918","0.0-256.0-0.0","58605237","wem/bandit_either_3","AOVN1TVNI7HJ7","either","3","468","","","","","","","1","0","0","0.620750855","","0.6","0.2","0.8","0.4","","","","","0.6531454011","0.4522294324","0.620750855","0.2870858596","","","","","","","","75","K","2","","","216","main_expt",""
"","bandit","296","1136836","0.0-257.0-0.0","58605237","wem/bandit_either_3","AOVN1TVNI7HJ7","either","3","400","","","","","","","0","0","1","0.4812239037","","0.6","0.2","0.8","0.4","","","","","0.6459690495","0.4141575353","0.4812239037","0.2877345098","","","","","","","","75","K","2","","","217","main_expt",""
"","bandit","297","1138927","0.0-258.0-0.0","58605237","wem/bandit_either_3","AOVN1TVNI7HJ7","either","3","573","","","","","","","0","0","1","","0.4028497994","0.6","0.2","0.8","0.4","0.6679944541","0.3009722504","0.4028497994","0.3608492067","","","","","","","","","","","","75","K","2","","","218","main_expt",""
"","bandit","298","1141084","0.0-259.0-0.0","58605237","wem/bandit_either_3","AOVN1TVNI7HJ7","either","3","642","","","","","","","0","0","1","0.4441021312","","0.6","0.2","0.8","0.4","","","","","0.7159195147","0.2706893249","0.4441021312","0.4380407461","","","","","","","","75","K","2","","","219","main_expt",""
"","bandit","299","1143159","0.0-260.0-0.0","58605237","wem/bandit_either_3","AOVN1TVNI7HJ7","either","3","557","","","","","","","0","0","1","0.3821277721","","0.6","0.2","0.8","0.4","","","","","0.6874484601","0.3821277721","0.4867825248","0.4769938592","","","","","","","","74","J","1","","","220","main_expt",""
"","bandit","300","1145196","0.0-261.0-0.0","58605237","wem/bandit_either_3","AOVN1TVNI7HJ7","either","3","521","","","","","","","0","0","1","","0.4534214389","0.6","0.2","0.8","0.4","0.6528128226","0.4534214389","0.5428062785","0.4612627877","","","","","","","","","","","","74","J","1","","","221","main_expt",""
"","bandit","301","1147147","0.0-262.0-0.0","58605237","wem/bandit_either_3","AOVN1TVNI7HJ7","either","3","437","","","","","","","0","1","0","","0.6836467719","0.6","0.2","0.8","0.4","0.6836467719","0.6049712458","0.5993321864","0.4192901336","","","","","","","","","","","","72","H","0","img/none_selected.jpg","","222","main_expt",""
"","bandit","302","1149045","0.0-263.0-0.0","58605237","wem/bandit_either_3","AOVN1TVNI7HJ7","either","3","383","","","","","","","1","0","0","0.7820879334","","0.6","0.2","0.8","0.4","","","","","0.7820879334","0.6389506418","0.4920604154","0.5559965486","","","","","","","","72","H","0","img/none_selected.jpg","","223","main_expt",""
"","bandit","303","1150955","0.0-264.0-0.0","58605237","wem/bandit_either_3","AOVN1TVNI7HJ7","either","3","394","","","","","","","1","0","0","0.763226653","","0.6","0.2","0.8","0.4","","","","","0.763226653","0.6677375732","0.5344282052","0.6687933923","","","","","","","","72","H","0","img/none_selected.jpg","","224","main_expt",""
"","bandit","304","1152917","0.0-265.0-0.0","58605237","wem/bandit_either_3","AOVN1TVNI7HJ7","either","3","444","","","","","","","1","0","0","0.6931961842","","0.6","0.2","0.8","0.4","","","","","0.6931961842","0.7706853934","0.5583452501","0.5954484576","","","","","","","","72","H","0","img/none_selected.jpg","","225","main_expt",""
"","bandit","305","1154967","0.0-266.0-0.0","58605237","wem/bandit_either_3","AOVN1TVNI7HJ7","either","3","533","","","","","","","0","0","1","","0.6633974694","0.6","0.2","0.8","0.4","0.6633974694","0.7624197083","0.5126042404","0.6152447968","","","","","","","","","","","","72","H","0","img/none_selected.jpg","","226","main_expt",""
"","bandit","306","1157044","0.0-267.0-0.0","58605237","wem/bandit_either_3","AOVN1TVNI7HJ7","either","3","562","","","","","","","0","1","0","","0.6567175756","0.6","0.2","0.8","0.4","0.6567175756","0.7287840805","0.5720595628","0.6597553912","","","","","","","","","","","","72","H","0","img/none_selected.jpg","","227","main_expt",""
"","bandit","307","1159045","0.0-268.0-0.0","58605237","wem/bandit_either_3","AOVN1TVNI7HJ7","either","3","481","","","","","","","0","0","1","","0.6052730858","0.6","0.2","0.8","0.4","0.6052730858","0.7993891034","0.6134710885","0.594895186","","","","","","","","","","","","72","H","0","img/none_selected.jpg","","228","main_expt",""
"","bandit","308","1161133","0.0-269.0-0.0","58605237","wem/bandit_either_3","AOVN1TVNI7HJ7","either","3","569","","","","","","","0","1","0","","0.5548990383","0.6","0.2","0.8","0.4","0.5548990383","0.8374027748","0.5669106804","0.5722559027","","","","","","","","","","","","72","H","0","img/none_selected.jpg","","229","main_expt",""
"","bandit","309","1163069","0.0-270.0-0.0","58605237","wem/bandit_either_3","AOVN1TVNI7HJ7","either","3","418","","","","","","","1","0","0","0.6017114108","","0.6","0.2","0.8","0.4","","","","","0.6017114108","0.8414873787","0.6286782819","0.5409090622","","","","","","","","72","H","0","img/none_selected.jpg","","230","main_expt",""
"","bandit","310","1165191","0.0-271.0-0.0","58605237","wem/bandit_either_3","AOVN1TVNI7HJ7","either","3","606","","","","","","","0","1","0","","0.5525336349","0.6","0.2","0.8","0.4","0.5525336349","0.8531648874","0.5594948871","0.518727512","","","","","","","","","","","","72","H","0","img/none_selected.jpg","","231","main_expt",""
"","bandit","311","1167179","0.0-272.0-0.0","58605237","wem/bandit_either_3","AOVN1TVNI7HJ7","either","3","472","","","","","","","1","0","0","0.4493361955","","0.6","0.2","0.8","0.4","","","","","0.4493361955","0.8813812612","0.5817998964","0.5200298571","","","","","","","","72","H","0","img/none_selected.jpg","","232","main_expt",""
"","bandit","312","1169093","0.0-273.0-0.0","58605237","wem/bandit_either_3","AOVN1TVNI7HJ7","either","3","395","","","","","","","0","0","1","","0.5280832246","0.6","0.2","0.8","0.4","0.5280832246","0.8916766345","0.5971875981","0.4564343731","","","","","","","","","","","","72","H","0","img/none_selected.jpg","","233","main_expt",""
"","bandit","313","1171004","0.0-274.0-0.0","58605237","wem/bandit_either_3","AOVN1TVNI7HJ7","either","3","394","","","","","","","0","1","0","","0.6814540918","0.6","0.2","0.8","0.4","0.6814540918","0.842820862","0.5227237997","0.4168065644","","","","","","","","","","","","72","H","0","img/none_selected.jpg","","234","main_expt",""
"","bandit","314","1173014","0.0-275.0-0.0","58605237","wem/bandit_either_3","AOVN1TVNI7HJ7","either","3","494","","","","","","","0","0","1","0.5518959403","","0.6","0.2","0.8","0.4","","","","","0.5518959403","0.7856269381","0.6231997156","0.4340770274","","","","","","","","72","H","0","img/none_selected.jpg","","235","main_expt",""
"","bandit","315","1174900","0.0-276.0-0.0","58605237","wem/bandit_either_3","AOVN1TVNI7HJ7","either","3","371","","","","","","","1","0","0","0.4965619817","","0.6","0.2","0.8","0.4","","","","","0.4965619817","0.8092971262","0.558272317","0.4489205242","","","","","","","","72","H","0","img/none_selected.jpg","","236","main_expt",""
"","bandit","316","1176846","0.0-277.0-0.0","58605237","wem/bandit_either_3","AOVN1TVNI7HJ7","either","3","428","","","","","","","0","0","1","0.4762879104","","0.6","0.2","0.8","0.4","","","","","0.4762879104","0.8125536838","0.6118965497","0.4838648791","","","","","","","","72","H","0","img/none_selected.jpg","","237","main_expt",""
"","bandit","317","1179164","0.0-278.0-0.0","58605237","wem/bandit_either_3","AOVN1TVNI7HJ7","either","3","800","","","","","","","0","1","0","","0.4991976808","0.6","0.2","0.8","0.4","0.4991976808","0.8684257659","0.7415542647","0.4615645545","","","","","","","","","","","","72","H","0","img/none_selected.jpg","","238","main_expt",""
"","bandit","318","1182157","0.0-279.0-0.0","58605237","wem/bandit_either_3","AOVN1TVNI7HJ7","either","3","1476","","","","","","","0","0","1","","0.4627972202","0.6","0.2","0.8","0.4","0.4627972202","0.8891050988","0.794517608","0.4263497721","","","","","","","","","","","","72","H","0","img/none_selected.jpg","","239","main_expt",""
"","bandit","319","1184595","0.0-280.0-0.0","58605237","wem/bandit_either_3","AOVN1TVNI7HJ7","either","3","920","","","","","","","0","0","1","0.484486763","","0.6","0.2","0.8","0.4","","","","","0.484486763","0.8983693474","0.7966429163","0.4372282776","","","","","","","","72","H","0","img/none_selected.jpg","","240","main_expt",""
"","bandit","320","1189428","0.0-281.0-0.0","58605237","wem/bandit_either_3","AOVN1TVNI7HJ7","either","3","3318","","","","","","","0","0","1","0.3450886106","","0.6","0.2","0.8","0.4","","","","","0.3450886106","0.8608109038","0.7827696357","0.5558093781","","","","","","","","72","H","0","img/none_selected.jpg","","241","main_expt",""
"","bandit","321","1201238","0.0-282.0-0.0","58605237","wem/bandit_either_3","AOVN1TVNI7HJ7","either","3","10292","","","","","","","1","0","0","0.4066884652","","0.6","0.2","0.8","0.4","","","","","0.4066884652","0.8807376199","0.8077769827","0.654661817","","","","","","","","72","H","0","img/none_selected.jpg","","242","main_expt",""
"","bandit","322","1204036","0.0-283.0-0.0","58605237","wem/bandit_either_3","AOVN1TVNI7HJ7","either","3","1282","","","","","","","0","1","0","","0.3574054959","0.6","0.2","0.8","0.4","0.3574054959","0.8782163565","0.7680675523","0.5869565726","","","","","","","","","","","","72","H","0","img/none_selected.jpg","","243","main_expt",""
"","bandit","323","1207093","0.0-284.0-0.0","58605237","wem/bandit_either_3","AOVN1TVNI7HJ7","either","3","1539","","","","","","","0","0","1","0.4200458239","","0.6","0.2","0.8","0.4","","","","","0.4200458239","0.8691088863","0.6802465609","0.6282978891","","","","","","","","72","H","0","img/none_selected.jpg","","244","main_expt",""
"","bandit","324","1209867","0.0-285.0-0.0","58605237","wem/bandit_either_3","AOVN1TVNI7HJ7","either","3","1257","","","","","","","0","0","1","0.3587254574","","0.6","0.2","0.8","0.4","","","","","0.3587254574","0.8516976639","0.6110509309","0.5918678021","","","","","","","","72","H","0","img/none_selected.jpg","","245","main_expt",""
"","bandit","325","1215759","0.0-286.0-0.0","58605237","wem/bandit_either_3","AOVN1TVNI7HJ7","either","3","4372","","","","","","","1","0","0","0.3469794694","","0.6","0.2","0.8","0.4","","","","","0.3469794694","0.9024239937","0.6490463127","0.5768832148","","","","","","","","72","H","0","img/none_selected.jpg","","246","main_expt",""
"","bandit","326","1217899","0.0-287.0-0.0","58605237","wem/bandit_either_3","AOVN1TVNI7HJ7","either","3","623","","","","","","","0","0","1","","0.3633203126","0.6","0.2","0.8","0.4","0.3633203126","0.8722687537","0.666935985","0.5921373562","","","","","","","","","","","","72","H","0","img/none_selected.jpg","","247","main_expt",""
"","bandit","327","1220011","0.0-288.0-0.0","58605237","wem/bandit_either_3","AOVN1TVNI7HJ7","either","3","594","","","","","","","0","0","1","0.3823056395","","0.6","0.2","0.8","0.4","","","","","0.3823056395","0.9098098352","0.5523954184","0.6547465393","","","","","","","","72","H","0","img/none_selected.jpg","","248","main_expt",""
"","bandit","328","1222092","0.0-289.0-0.0","58605237","wem/bandit_either_3","AOVN1TVNI7HJ7","either","3","566","","","","","","","0","0","1","0.5062857421","","0.6","0.2","0.8","0.4","","","","","0.3752260233","0.9589673317","0.5062857421","0.5826315853","","","","","","","","75","K","2","","","249","main_expt",""
"","bandit","329","1224283","0.0-290.0-0.0","58605237","wem/bandit_either_3","AOVN1TVNI7HJ7","either","3","675","","","","","","","1","0","0","0.5133013961","","0.6","0.2","0.8","0.4","","","","","0.3645335071","0.9465788891","0.5133013961","0.4803738957","","","","","","","","75","K","2","","","250","main_expt",""
"","bandit","330","1226342","0.0-291.0-0.0","58605237","wem/bandit_either_3","AOVN1TVNI7HJ7","either","3","543","","","","","","","0","0","1","0.39641012","","0.6","0.2","0.8","0.4","","","","","0.472149987","0.9107620072","0.39641012","0.6014496945","","","","","","","","75","K","2","","","251","main_expt",""
"","bandit","331","1228354","0.0-292.0-0.0","58605237","wem/bandit_either_3","AOVN1TVNI7HJ7","either","3","498","","","","","","","0","0","1","0.3623489237","","0.6","0.2","0.8","0.4","","","","","0.4173809638","0.8830325738","0.3623489237","0.698828742","","","","","","","","75","K","2","","","252","main_expt",""
"","bandit","332","1230677","0.0-293.0-0.0","58605237","wem/bandit_either_3","AOVN1TVNI7HJ7","either","3","805","","","","","","","1","0","0","0.3629526557","","0.6","0.2","0.8","0.4","","","","","0.4480211854","0.7672932987","0.3629526557","0.7273430233","","","","","","","","75","K","2","","","253","main_expt",""
"","bandit","333","1232709","0.0-294.0-0.0","58605237","wem/bandit_either_3","AOVN1TVNI7HJ7","either","3","513","","","","","","","0","0","1","0.4497369919","","0.6","0.2","0.8","0.4","","","","","0.5085684225","0.7969230563","0.4497369919","0.8670792804","","","","","","","","75","K","2","","","254","main_expt",""
"","bandit","334","1234726","0.0-295.0-0.0","58605237","wem/bandit_either_3","AOVN1TVNI7HJ7","either","3","500","","","","","","","1","0","0","0.4266964645","","0.6","0.2","0.8","0.4","","","","","0.5518619133","0.7609373772","0.4266964645","0.8455031913","","","","","","","","75","K","2","","","255","main_expt",""
"","bandit","335","1236703","0.0-296.0-0.0","58605237","wem/bandit_either_3","AOVN1TVNI7HJ7","either","3","455","","","","","","","1","0","0","0.3758701686","","0.6","0.2","0.8","0.4","","","","","0.6231499972","0.7656316608","0.3758701686","0.8399944211","","","","","","","","75","K","2","","","256","main_expt",""
"","bandit","336","1238709","0.0-297.0-0.0","58605237","wem/bandit_either_3","AOVN1TVNI7HJ7","either","3","488","","","","","","","1","0","0","0.3812621572","","0.6","0.2","0.8","0.4","","","","","0.6607254624","0.8080569919","0.3812621572","0.8261369773","","","","","","","","75","K","2","","","257","main_expt",""
"","bandit","337","1240638","0.0-298.0-0.0","58605237","wem/bandit_either_3","AOVN1TVNI7HJ7","either","3","411","","","","","","","0","0","1","","0.3120367623","0.6","0.2","0.8","0.4","0.6624912543","0.8361041794","0.3120367623","0.9225636813","","","","","","","","","","","","75","K","2","","","258","main_expt",""
"","bandit","338","1242731","0.0-299.0-0.0","58605237","wem/bandit_either_3","AOVN1TVNI7HJ7","either","3","575","","","","","","","1","0","0","0.3820796305","","0.6","0.2","0.8","0.4","","","","","0.606705932","0.8243560996","0.3820796305","0.8917305778","","","","","","","","75","K","2","","","259","main_expt",""
"","bandit","339","1244635","0.0-300.0-0.0","58605237","wem/bandit_either_3","AOVN1TVNI7HJ7","either","3","387","","","","","","","0","0","1","0.371082907","","0.6","0.2","0.8","0.4","","","","","0.640446177","0.8904442616","0.371082907","0.9086607263","","","","","","","","75","K","2","","","260","main_expt",""
"","bandit","340","1246752","0.0-301.0-0.0","58605237","wem/bandit_either_3","AOVN1TVNI7HJ7","either","3","597","","","","","","","0","0","1","0.3030604669","","0.6","0.2","0.8","0.4","","","","","0.6826261251","0.8748131208","0.3030604669","0.9349387734","","","","","","","","75","K","2","","","261","main_expt",""
"","bandit","341","1248724","0.0-302.0-0.0","58605237","wem/bandit_either_3","AOVN1TVNI7HJ7","either","3","453","","","","","","","0","1","0","","0.9421969183","0.6","0.2","0.8","0.4","0.6756148083","0.8173526032","0.3598486488","0.9421969183","","","","","","","","","","","","76","L","3","","","262","main_expt",""
"","bandit","342","1250741","0.0-303.0-0.0","58605237","wem/bandit_either_3","AOVN1TVNI7HJ7","either","3","498","","","","","","","1","0","0","0.9311403295","","0.6","0.2","0.8","0.4","","","","","0.5346645524","0.8708877602","0.2920418775","0.9311403295","","","","","","","","76","L","3","","","263","main_expt",""
"","bandit","343","1252725","0.0-304.0-0.0","58605237","wem/bandit_either_3","AOVN1TVNI7HJ7","either","3","467","","","","","","","0","1","0","","0.9382873015","0.6","0.2","0.8","0.4","0.4647020748","0.8843545459","0.3037539325","0.9382873015","","","","","","","","","","","","76","L","3","","","264","main_expt",""
"","bandit","344","1254740","0.0-305.0-0.0","58605237","wem/bandit_either_3","AOVN1TVNI7HJ7","either","3","495","","","","","","","0","1","0","","0.9235358815","0.6","0.2","0.8","0.4","0.471838999","0.8769472349","0.3459264414","0.9235358815","","","","","","","","","","","","76","L","3","","","265","main_expt",""
"","bandit","345","1256774","0.0-306.0-0.0","58605237","wem/bandit_either_3","AOVN1TVNI7HJ7","either","3","515","","","","","","","0","1","0","","0.9291846928","0.6","0.2","0.8","0.4","0.4443598821","0.8707220418","0.2879284892","0.9291846928","","","","","","","","","","","","76","L","3","","","266","main_expt",""
"","bandit","346","1258787","0.0-307.0-0.0","58605237","wem/bandit_either_3","AOVN1TVNI7HJ7","either","3","496","","","","","","","0","0","1","0.8659395192","","0.6","0.2","0.8","0.4","","","","","0.4792611287","0.8148869869","0.2134447523","0.8659395192","","","","","","","","76","L","3","","","267","main_expt",""
"","bandit","347","1260860","0.0-308.0-0.0","58605237","wem/bandit_either_3","AOVN1TVNI7HJ7","either","3","558","","","","","","","0","1","0","","0.8812211326","0.6","0.2","0.8","0.4","0.4120580353","0.8660911037","0.1511210231","0.8812211326","","","","","","","","","","","","76","L","3","","","268","main_expt",""
"","bandit","348","1262893","0.0-309.0-0.0","58605237","wem/bandit_either_3","AOVN1TVNI7HJ7","either","3","511","","","","","","","1","0","0","0.8976750984","","0.6","0.2","0.8","0.4","","","","","0.4266191971","0.8656384215","0.1074098696","0.8976750984","","","","","","","","76","L","3","","","269","main_expt",""
"","bandit","349","1264958","0.0-310.0-0.0","58605237","wem/bandit_either_3","AOVN1TVNI7HJ7","either","3","548","","","","","","","0","1","0","","0.8469734058","0.6","0.2","0.8","0.4","0.4358583719","0.854180293","0.1073800249","0.8469734058","","","","","","","","","","","","76","L","3","","","270","main_expt",""
"","bandit","350","1266935","0.0-311.0-0.0","58605237","wem/bandit_either_3","AOVN1TVNI7HJ7","either","3","459","","","","","","","0","1","0","","0.7446548384","0.6","0.2","0.8","0.4","0.4920489582","0.8438613021","0.1425572536","0.7446548384","","","","","","","","","","","","76","L","3","","","271","main_expt",""
"","bandit","351","1268836","0.0-312.0-0.0","58605237","wem/bandit_either_3","AOVN1TVNI7HJ7","either","3","384","","","","","","","0","1","0","","0.7927645899","0.6","0.2","0.8","0.4","0.548633249","0.854663644","0.2099144276","0.7927645899","","","","","","","","","","","","76","L","3","","","272","main_expt",""
"","bandit","352","1270891","0.0-313.0-0.0","58605237","wem/bandit_either_3","AOVN1TVNI7HJ7","either","3","538","","","","","","","1","0","0","0.8014281037","","0.6","0.2","0.8","0.4","","","","","0.5505601535","0.8650391884","0.1145994435","0.8014281037","","","","","","","","76","L","3","","","273","main_expt",""
"","bandit","353","1272957","0.0-314.0-0.0","58605237","wem/bandit_either_3","AOVN1TVNI7HJ7","either","3","548","","","","","","","0","1","0","","0.7905590673","0.6","0.2","0.8","0.4","0.5946332703","0.9015361119","0.1015243947","0.7905590673","","","","","","","","","","","","76","L","3","","","274","main_expt",""
"","bandit","354","1274916","0.0-315.0-0.0","58605237","wem/bandit_either_3","AOVN1TVNI7HJ7","either","3","440","","","","","","","0","0","1","0.7073686028","","0.6","0.2","0.8","0.4","","","","","0.6275186677","0.9043254752","0.114816172","0.7073686028","","","","","","","","76","L","3","","","275","main_expt",""
"","bandit","355","1276931","0.0-316.0-0.0","58605237","wem/bandit_either_3","AOVN1TVNI7HJ7","either","3","499","","","","","","","0","1","0","","0.7352485602","0.6","0.2","0.8","0.4","0.6722058938","0.8449890159","0.1317345649","0.7352485602","","","","","","","","","","","","76","L","3","","","276","main_expt",""
"","bandit","356","1279016","0.0-317.0-0.0","58605237","wem/bandit_either_3","AOVN1TVNI7HJ7","either","3","566","","","","","","","0","1","0","","0.8228007972","0.6","0.2","0.8","0.4","0.5921994606","0.8230457358","0.09838938707","0.8228007972","","","","","","","","","","","","76","L","3","","","277","main_expt",""
"","bandit","357","1281045","0.0-318.0-0.0","58605237","wem/bandit_either_3","AOVN1TVNI7HJ7","either","3","512","","","","","","","0","1","0","","0.8304907331","0.6","0.2","0.8","0.4","0.4500239251","0.7932547758","0.06776677937","0.8304907331","","","","","","","","","","","","76","L","3","","","278","main_expt",""
"","bandit","358","1282907","0.0-319.0-0.0","58605237","wem/bandit_either_3","AOVN1TVNI7HJ7","either","3","345","","","","","","","0","1","0","","0.8191226693","0.6","0.2","0.8","0.4","0.5055917835","0.7311128638","0.06614609472","0.8191226693","","","","","","","","","","","","76","L","3","","","279","main_expt",""
"","bandit","359","1284933","0.0-320.0-0.0","58605237","wem/bandit_either_3","AOVN1TVNI7HJ7","either","3","509","","","","","","","1","0","0","0.7923241029","","0.6","0.2","0.8","0.4","","","","","0.5798791476","0.7485068462","0.07147779","0.7923241029","","","","","","","","76","L","3","","","280","main_expt",""
"","bandit","360","1287021","0.0-321.0-0.0","58605237","wem/bandit_either_3","AOVN1TVNI7HJ7","either","3","568","","","","","","","1","0","0","0.7691165892","","0.6","0.2","0.8","0.4","","","","","0.6137135392","0.7256674639","0.07535413809","0.7691165892","","","","","","","","76","L","3","","","281","main_expt",""
"","bandit","361","1288932","0.0-322.0-0.0","58605237","wem/bandit_either_3","AOVN1TVNI7HJ7","either","3","394","","","","","","","0","1","0","","0.6826771155","0.6","0.2","0.8","0.4","0.6415463727","0.5809782166","0.05892017324","0.6826771155","","","","","","","","","","","","76","L","3","","","282","main_expt",""
"","bandit","362","1290975","0.0-323.0-0.0","58605237","wem/bandit_either_3","AOVN1TVNI7HJ7","either","3","524","","","","","","","0","0","1","0.6161972818","","0.6","0.2","0.8","0.4","","","","","0.4730488579","0.6109664774","0.08144352799","0.6161972818","","","","","","","","76","L","3","","","283","main_expt",""
"","bandit","363","1293059","0.0-324.0-0.0","58605237","wem/bandit_either_3","AOVN1TVNI7HJ7","either","3","569","","","","","","","0","1","0","","0.5891509964","0.6","0.2","0.8","0.4","0.5067078583","0.5805564801","0.1019858243","0.5891509964","","","","","","","","","","","","76","L","3","","","284","main_expt",""
"","bandit","364","1295117","0.0-325.0-0.0","58605237","wem/bandit_either_3","AOVN1TVNI7HJ7","either","3","538","","","","","","","0","0","1","","0.6249252086","0.6","0.2","0.8","0.4","0.5829751382","0.5002500646","0.09075110351","0.6249252086","","","","","","","","","","","","76","L","3","","","285","main_expt",""
"","bandit","365","1296994","0.0-326.0-0.0","58605237","wem/bandit_either_3","AOVN1TVNI7HJ7","either","3","362","","","","","","","0","0","1","","0.6324693129","0.6","0.2","0.8","0.4","0.587075055","0.5828291785","0.06956873409","0.6324693129","","","","","","","","","","","","76","L","3","","","286","main_expt",""
"","bandit","366","1299268","0.0-327.0-0.0","58605237","wem/bandit_either_3","AOVN1TVNI7HJ7","either","3","756","","","","","","","1","0","0","0.6207809956","","0.6","0.2","0.8","0.4","","","","","0.610063645","0.6043997361","0.06309760847","0.6207809956","","","","","","","","76","L","3","","","287","main_expt",""
"","bandit","367","1301310","0.0-328.0-0.0","58605237","wem/bandit_either_3","AOVN1TVNI7HJ7","either","3","523","","","","","","","0","0","1","0.5560318385","","0.6","0.2","0.8","0.4","","","","","0.568523273","0.5935709691","0.05647001847","0.5560318385","","","","","","","","76","L","3","","","288","main_expt",""
"","bandit","368","1303292","0.0-329.0-0.0","58605237","wem/bandit_either_3","AOVN1TVNI7HJ7","either","3","463","","","","","","","0","0","1","","0.4741039234","0.6","0.2","0.8","0.4","0.5886788705","0.6488594455","0.0707773976","0.4741039234","","","","","","","","","","","","76","L","3","","","289","main_expt",""
"","bandit","369","1305557","0.0-330.0-0.0","58605237","wem/bandit_either_3","AOVN1TVNI7HJ7","either","3","745","","","","","","","0","0","1","0.5397442839","","0.6","0.2","0.8","0.4","","","","","0.5397442839","0.535103018","0.04973969694","0.499080476","","","","","","","","72","H","0","img/none_selected.jpg","","290","main_expt",""
"","bandit","370","1307582","0.0-331.0-0.0","58605237","wem/bandit_either_3","AOVN1TVNI7HJ7","either","3","503","","","","","","","1","0","0","0.393182982","","0.6","0.2","0.8","0.4","","","","","0.3866573904","0.393182982","0.05802858847","0.4442107488","","","","","","","","74","J","1","","","291","main_expt",""
"","bandit","371","1309589","0.0-332.0-0.0","58605237","wem/bandit_either_3","AOVN1TVNI7HJ7","either","3","488","","","","","","","0","0","1","","0.4565450037","0.6","0.2","0.8","0.4","0.2637892506","0.4565450037","0.07828631694","0.4273576109","","","","","","","","","","","","74","J","1","","","292","main_expt",""
"","bandit","372","1311672","0.0-333.0-0.0","58605237","wem/bandit_either_3","AOVN1TVNI7HJ7","either","3","562","","","","","","","1","0","0","0.5546563979","","0.6","0.2","0.8","0.4","","","","","0.2028328835","0.5546563979","0.04954367109","0.3460634215","","","","","","","","74","J","1","","","293","main_expt",""
"","bandit","373","1313787","0.0-334.0-0.0","58605237","wem/bandit_either_3","AOVN1TVNI7HJ7","either","3","595","","","","","","","0","1","0","","0.570140113","0.6","0.2","0.8","0.4","0.194104247","0.570140113","0.03641675559","0.2869166898","","","","","","","","","","","","74","J","1","","","294","main_expt",""
"","bandit","374","1316012","0.0-335.0-0.0","58605237","wem/bandit_either_3","AOVN1TVNI7HJ7","either","3","706","","","","","","","0","1","0","","0.6083564898","0.6","0.2","0.8","0.4","0.2850136316","0.6083564898","0.02139668824","0.3397817976","","","","","","","","","","","","74","J","1","","","295","main_expt",""
"","bandit","375","1318012","0.0-336.0-0.0","58605237","wem/bandit_either_3","AOVN1TVNI7HJ7","either","3","481","","","","","","","0","0","1","","0.5921801156","0.6","0.2","0.8","0.4","0.2801275889","0.5921801156","0.007700201632","0.3283662424","","","","","","","","","","","","74","J","1","","","296","main_expt",""
"","bandit","376","1320205","0.0-337.0-0.0","58605237","wem/bandit_either_3","AOVN1TVNI7HJ7","either","3","675","","","","","","","0","0","1","","0.6340992601","0.6","0.2","0.8","0.4","0.39037741","0.6340992601","0.005117420187","0.2856013089","","","","","","","","","","","","74","J","1","","","297","main_expt",""
"","bandit","377","1322541","0.0-338.0-0.0","58605237","wem/bandit_either_3","AOVN1TVNI7HJ7","either","3","819","","","","","","","0","1","0","","0.6611151526","0.6","0.2","0.8","0.4","0.3627835766","0.6611151526","0.006117007901","0.3054519686","","","","","","","","","","","","74","J","1","","","298","main_expt",""
"","bandit","378","1324667","0.0-339.0-0.0","58605237","wem/bandit_either_3","AOVN1TVNI7HJ7","either","3","609","","","","","","","1","0","0","0.6944547128","","0.6","0.2","0.8","0.4","","","","","0.2356789041","0.6944547128","0.007152729185","0.210430014","","","","","","","","74","J","1","","","299","main_expt",""
"","bandit","379","1326742","0.0-340.0-0.0","58605237","wem/bandit_either_3","AOVN1TVNI7HJ7","either","3","553","","","","","","","1","0","0","0.7151930678","","0.6","0.2","0.8","0.4","","","","","0.2431871053","0.7151930678","0.009764251283","0.198716161","","","","","","","","74","J","1","","","300","main_expt",""
"","bandit","380","1328878","0.0-341.0-0.0","58605237","wem/bandit_either_3","AOVN1TVNI7HJ7","either","3","616","","","","","","","0","0","1","","0.7580496936","0.6","0.2","0.8","0.4","0.2404693421","0.7580496936","0.009764085403","0.1771168966","","","","","","","","","","","","74","J","1","","","301","main_expt",""
"","bandit","381","1331005","0.0-342.0-0.0","58605237","wem/bandit_either_3","AOVN1TVNI7HJ7","either","3","606","","","","","","","0","1","0","","0.8328554594","0.6","0.2","0.8","0.4","0.2553761554","0.8328554594","0.007344381155","0.1532241739","","","","","","","","","","","","74","J","1","","","302","main_expt",""
"","bandit","382","1333095","0.0-343.0-0.0","58605237","wem/bandit_either_3","AOVN1TVNI7HJ7","either","3","572","","","","","","","0","1","0","","0.7905515502","0.6","0.2","0.8","0.4","0.3104878169","0.7905515502","0.004133942538","0.1818493379","","","","","","","","","","","","74","J","1","","","303","main_expt",""
"","bandit","383","1335133","0.0-344.0-0.0","58605237","wem/bandit_either_3","AOVN1TVNI7HJ7","either","3","516","","","","","","","0","1","0","","0.7125037048","0.6","0.2","0.8","0.4","0.3604403059","0.7125037048","0.01029031113","0.1918949041","","","","","","","","","","","","74","J","1","","","304","main_expt",""
"","bandit","384","1337053","0.0-345.0-0.0","58605237","wem/bandit_either_3","AOVN1TVNI7HJ7","either","3","401","","","","","","","0","1","0","","0.6056591816","0.6","0.2","0.8","0.4","0.3952177314","0.6056591816","0.003330382434","0.1874585743","","","","","","","","","","","","74","J","1","","","305","main_expt",""
"","bandit","385","1339083","0.0-346.0-0.0","58605237","wem/bandit_either_3","AOVN1TVNI7HJ7","either","3","511","","","","","","","0","0","1","0.629542552","","0.6","0.2","0.8","0.4","","","","","0.3330663136","0.629542552","0.007812775263","0.1166592411","","","","","","","","74","J","1","","","306","main_expt",""
"","bandit","386","1341165","0.0-347.0-0.0","58605237","wem/bandit_either_3","AOVN1TVNI7HJ7","either","3","562","","","","","","","0","1","0","","0.6356939543","0.6","0.2","0.8","0.4","0.2258011593","0.6356939543","0.003290497995","0.1535070301","","","","","","","","","","","","74","J","1","","","307","main_expt",""
"","bandit","387","1343120","0.0-348.0-0.0","58605237","wem/bandit_either_3","AOVN1TVNI7HJ7","either","3","435","","","","","","","0","0","1","0.5751316151","","0.6","0.2","0.8","0.4","","","","","0.2022812959","0.5751316151","0.004901000513","0.1922434725","","","","","","","","74","J","1","","","308","main_expt",""
"","bandit","388","1345044","0.0-349.0-0.0","58605237","wem/bandit_either_3","AOVN1TVNI7HJ7","either","3","405","","","","","","","0","1","0","","0.4987199462","0.6","0.2","0.8","0.4","0.1753446211","0.4987199462","0.008055925914","0.2286210383","","","","","","","","","","","","74","J","1","","","309","main_expt",""
"","bandit","389","1347029","0.0-350.0-0.0","58605237","wem/bandit_either_3","AOVN1TVNI7HJ7","either","3","466","","","","","","","0","1","0","","0.5196201995","0.6","0.2","0.8","0.4","0.1587445749","0.5196201995","0.01684518321","0.2646699548","","","","","","","","","","","","74","J","1","","","310","main_expt",""
"","bandit","390","1349077","0.0-351.0-0.0","58605237","wem/bandit_either_3","AOVN1TVNI7HJ7","either","3","529","","","","","","","0","0","1","","0.4056508147","0.6","0.2","0.8","0.4","0.2086745326","0.4056508147","0.01483342038","0.2527930393","","","","","","","","","","","","74","J","1","","","311","main_expt",""
"","bandit","391","1351748","0.0-352.0-0.0","58605237","wem/bandit_either_3","AOVN1TVNI7HJ7","either","3","1152","","","","","","","0","0","1","","0.3318577957","0.6","0.2","0.8","0.4","0.1888337985","0.3318577957","0.04292577593","0.2251341742","","","","","","","","","","","","74","J","1","","","312","main_expt",""
"","bandit","392","1355239","0.0-353.0-0.0","58605237","wem/bandit_either_3","AOVN1TVNI7HJ7","either","3","1971","","","","","","","0","0","1","","0.4258386372","0.6","0.2","0.8","0.4","0.2093756632","0.4258386372","0.02537231007","0.1929199657","","","","","","","","","","","","74","J","1","","","313","main_expt",""
"","bandit","393","1357213","0.0-354.0-0.0","58605237","wem/bandit_either_3","AOVN1TVNI7HJ7","either","3","455","","","","","","","0","0","1","0.01954405477","","0.6","0.2","0.8","0.4","","","","","0.1894481267","0.3840041636","0.01954405477","0.1336249555","","","","","","","","75","K","2","","","314","main_expt",""
"","bandit","394","1359131","0.0-355.0-0.0","58605237","wem/bandit_either_3","AOVN1TVNI7HJ7","either","3","399","","","","","","","0","0","1","0.07386087491","","0.6","0.2","0.8","0.4","","","","","0.1713374045","0.4031866224","0.0319681622","0.07386087491","","","","","","","","76","L","3","","","315","main_expt",""
"","bandit","395","1361052","0.0-356.0-0.0","58605237","wem/bandit_either_3","AOVN1TVNI7HJ7","either","3","401","","","","","","","0","0","1","0.1762158315","","0.6","0.2","0.8","0.4","","","","","0.1762158315","0.3868453382","0.04899112395","0.05345845273","","","","","","","","72","H","0","img/none_selected.jpg","","316","main_expt",""
"","bandit","396","1363125","0.0-357.0-0.0","58605237","wem/bandit_either_3","AOVN1TVNI7HJ7","either","3","555","","","","","","","0","0","1","","0.404511521","0.6","0.2","0.8","0.4","0.1283188466","0.404511521","0.0424570254","0.09850543926","","","","","","","","","","","","74","J","1","","","317","main_expt",""
"","bandit","397","1365022","0.0-358.0-0.0","58605237","wem/bandit_either_3","AOVN1TVNI7HJ7","either","3","376","","","","","","","0","0","1","","0.07923798674","0.6","0.2","0.8","0.4","0.07923798674","0.3561068186","0.03601016153","0.09918521978","","","","","","","","","","","","72","H","0","img/none_selected.jpg","","318","main_expt",""
"","bandit","398","1366805","0.0-359.0-0.0","58605237","wem/bandit_either_3","AOVN1TVNI7HJ7","either","3","264","","","","","","","0","0","1","0.05175090753","","0.6","0.2","0.8","0.4","","","","","0.09829417482","0.2534984995","0.05175090753","0.07018128429","","","","","","","","75","K","2","","","319","main_expt",""
"","bandit","399","1368818","0.0-360.0-0.0","58605237","wem/bandit_either_3","AOVN1TVNI7HJ7","either","3","494","","","","","","","0","0","1","0.04350724981","","0.6","0.2","0.8","0.4","","","","","0.1029810548","0.303203416","0.04350724981","0.1001890461","","","","","","","","75","K","2","","","320","main_expt",""
"","bandit","400","1370685","0.0-361.0-0.0","58605237","wem/bandit_either_3","AOVN1TVNI7HJ7","either","3","347","","","","","","","0","1","0","","0.1669236276","0.6","0.2","0.8","0.4","0.07769021501","0.2852504242","0.0832218981","0.1669236276","","","","","","","","","","","","76","L","3","","","321","main_expt",""
"","bandit","401","1372586","0.0-362.0-0.0","58605237","wem/bandit_either_3","AOVN1TVNI7HJ7","either","3","382","","","","","","","0","0","1","","0.2140363781","0.6","0.2","0.8","0.4","0.1158949335","0.3811752394","0.07449674078","0.2140363781","","","","","","","","","","","","76","L","3","","","322","main_expt",""
"","bandit","402","1374507","0.0-363.0-0.0","58605237","wem/bandit_either_3","AOVN1TVNI7HJ7","either","3","403","","","","","","","0","0","1","","0.1512883441","0.6","0.2","0.8","0.4","0.1205028601","0.3795170436","0.05201319425","0.1512883441","","","","","","","","","","","","76","L","3","","","323","main_expt",""
"","bandit","403","1376573","0.0-364.0-0.0","58605237","wem/bandit_either_3","AOVN1TVNI7HJ7","either","3","546","","","","","","","0","0","1","0.08918737019","","0.6","0.2","0.8","0.4","","","","","0.08918737019","0.2997305644","0.05635611081","0.1626275086","","","","","","","","72","H","0","img/none_selected.jpg","","324","main_expt",""
"","bandit","404","1378529","0.0-365.0-0.0","58605237","wem/bandit_either_3","AOVN1TVNI7HJ7","either","3","436","","","","","","","0","0","1","","0.3070848238","0.6","0.2","0.8","0.4","0.09147653353","0.3070848238","0.09445638121","0.1594731805","","","","","","","","","","","","74","J","1","","","325","main_expt",""
"","bandit","405","1380396","0.0-366.0-0.0","58605237","wem/bandit_either_3","AOVN1TVNI7HJ7","either","3","346","","","","","","","0","0","1","","0.2961853196","0.6","0.2","0.8","0.4","0.1012926204","0.2961853196","0.1216275943","0.1395727828","","","","","","","","","","","","74","J","1","","","326","main_expt",""
"","bandit","406","1382333","0.0-367.0-0.0","58605237","wem/bandit_either_3","AOVN1TVNI7HJ7","either","3","416","","","","","","","0","0","1","0.07648562388","","0.6","0.2","0.8","0.4","","","","","0.07797881075","0.337395751","0.07648562388","0.08517887231","","","","","","","","75","K","2","","","327","main_expt",""
"","bandit","407","1384311","0.0-368.0-0.0","58605237","wem/bandit_either_3","AOVN1TVNI7HJ7","either","3","457","","","","","","","0","0","1","","0.09503035678","0.6","0.2","0.8","0.4","0.07638401452","0.3921511646","0.07392143942","0.09503035678","","","","","","","","","","","","76","L","3","","","328","main_expt",""
"","bandit","408","1386228","0.0-369.0-0.0","58605237","wem/bandit_either_3","AOVN1TVNI7HJ7","either","3","398","","","","","","","0","0","1","","0.08661315356","0.6","0.2","0.8","0.4","0.1592887573","0.5121037086","0.07401379292","0.08661315356","","","","","","","","","","","","76","L","3","","","329","main_expt",""
"","bandit","409","1388246","0.0-370.0-0.0","58605237","wem/bandit_either_3","AOVN1TVNI7HJ7","either","3","499","","","","","","","0","0","1","0.07891159578","","0.6","0.2","0.8","0.4","","","","","0.2027252689","0.4461003503","0.1094187031","0.07891159578","","","","","","","","76","L","3","","","330","main_expt",""
"","bandit","410","1390103","0.0-371.0-0.0","58605237","wem/bandit_either_3","AOVN1TVNI7HJ7","either","3","339","","","","","","","0","0","1","0.08620553943","","0.6","0.2","0.8","0.4","","","","","0.2168766144","0.4895226397","0.08620553943","0.1070970159","","","","","","","","75","K","2","","","331","main_expt",""
"","bandit","411","1392102","0.0-372.0-0.0","58605237","wem/bandit_either_3","AOVN1TVNI7HJ7","either","3","479","","","","","","","0","0","1","0.04964402126","","0.6","0.2","0.8","0.4","","","","","0.2310817023","0.5099350619","0.04964402126","0.1270931607","","","","","","","","75","K","2","","","332","main_expt",""
"","bandit","412","1393989","0.0-373.0-0.0","58605237","wem/bandit_either_3","AOVN1TVNI7HJ7","either","3","368","","","","","","","0","0","1","0.06663761657","","0.6","0.2","0.8","0.4","","","","","0.2012499528","0.5774882895","0.06663761657","0.1941010946","","","","","","","","75","K","2","","","333","main_expt",""
"","bandit","413","1395829","0.0-374.0-0.0","58605237","wem/bandit_either_3","AOVN1TVNI7HJ7","either","3","319","","","","","","","0","0","1","0.614976721","","0.6","0.2","0.8","0.4","","","","","0.2889164544","0.614976721","0.09994310336","0.2040244178","","","","","","","","74","J","1","","","334","main_expt",""
"","bandit","414","1397701","0.0-375.0-0.0","58605237","wem/bandit_either_3","AOVN1TVNI7HJ7","either","3","348","","","","","","","0","0","1","","0.5243774018","0.6","0.2","0.8","0.4","0.4564913263","0.5243774018","0.1451889896","0.2752251933","","","","","","","","","","","","74","J","1","","","335","main_expt",""
"","bandit","415","1399557","0.0-376.0-0.0","58605237","wem/bandit_either_3","AOVN1TVNI7HJ7","either","3","335","","","","","","","0","1","0","","0.5567689163","0.6","0.2","0.8","0.4","0.4358056639","0.5567689163","0.1197539961","0.2358325999","","","","","","","","","","","","74","J","1","","","336","main_expt",""
"","bandit","416","1401416","0.0-377.0-0.0","58605237","wem/bandit_either_3","AOVN1TVNI7HJ7","either","3","337","","","","","","","0","1","0","","0.5269215116","0.6","0.2","0.8","0.4","0.3879557491","0.5269215116","0.2103600133","0.3257438303","","","","","","","","","","","","74","J","1","","","337","main_expt",""
"","bandit","417","1403285","0.0-378.0-0.0","58605237","wem/bandit_either_3","AOVN1TVNI7HJ7","either","3","348","","","","","","","0","0","1","","0.497004821","0.6","0.2","0.8","0.4","0.4905008317","0.497004821","0.2201306293","0.2998807327","","","","","","","","","","","","74","J","1","","","338","main_expt",""
"","bandit","418","1405173","0.0-379.0-0.0","58605237","wem/bandit_either_3","AOVN1TVNI7HJ7","either","3","369","","","","","","","1","0","0","0.5571883643","","0.6","0.2","0.8","0.4","","","","","0.6321776947","0.5571883643","0.2173968951","0.2649871798","","","","","","","","74","J","1","","","339","main_expt",""
"","bandit","419","1407055","0.0-380.0-0.0","58605237","wem/bandit_either_3","AOVN1TVNI7HJ7","either","3","361","","","","","","","0","0","1","","0.471831888","0.6","0.2","0.8","0.4","0.5825830564","0.471831888","0.2714692758","0.2670179009","","","","","","","","","","","","74","J","1","","","340","main_expt",""
"","bandit","420","1408934","0.0-381.0-0.0","58605237","wem/bandit_either_3","AOVN1TVNI7HJ7","either","3","358","","","","","","","1","0","0","0.4030619348","","0.6","0.2","0.8","0.4","","","","","0.6406035888","0.4030619348","0.2218351998","0.2691271236","","","","","","","","74","J","1","","","341","main_expt",""
"","bandit","421","1410805","0.0-382.0-0.0","58605237","wem/bandit_either_3","AOVN1TVNI7HJ7","either","3","349","","","","","","","0","0","1","","0.3274975233","0.6","0.2","0.8","0.4","0.6584717133","0.3274975233","0.2010977539","0.2949570688","","","","","","","","","","","","74","J","1","","","342","main_expt",""
"","bandit","422","1412696","0.0-383.0-0.0","58605237","wem/bandit_either_3","AOVN1TVNI7HJ7","either","3","371","","","","","","","0","1","0","","0.3671776137","0.6","0.2","0.8","0.4","0.6442792764","0.3671776137","0.2026732645","0.3884303853","","","","","","","","","","","","74","J","1","","","343","main_expt",""
"","bandit","423","1414598","0.0-384.0-0.0","58605237","wem/bandit_either_3","AOVN1TVNI7HJ7","either","3","382","","","","","","","0","0","1","","0.4804251095","0.6","0.2","0.8","0.4","0.5493367169","0.4804251095","0.1356905016","0.3567112664","","","","","","","","","","","","74","J","1","","","344","main_expt",""
"","bandit","424","1416509","0.0-385.0-0.0","58605237","wem/bandit_either_3","AOVN1TVNI7HJ7","either","3","391","","","","","","","0","1","0","","0.5252991984","0.6","0.2","0.8","0.4","0.5027886293","0.5252991984","0.1953140106","0.438286306","","","","","","","","","","","","74","J","1","","","345","main_expt",""
"","bandit","425","1418397","0.0-386.0-0.0","58605237","wem/bandit_either_3","AOVN1TVNI7HJ7","either","3","368","","","","","","","0","0","1","","0.6101997468","0.6","0.2","0.8","0.4","0.5704394036","0.6101997468","0.2144260567","0.3464740791","","","","","","","","","","","","74","J","1","","","346","main_expt",""
"","bandit","426","1420261","0.0-387.0-0.0","58605237","wem/bandit_either_3","AOVN1TVNI7HJ7","either","3","345","","","","","","","0","0","1","","0.7080081467","0.6","0.2","0.8","0.4","0.5542405121","0.7080081467","0.3035219142","0.307550886","","","","","","","","","","","","74","J","1","","","347","main_expt",""
"","bandit","427","1422133","0.0-388.0-0.0","58605237","wem/bandit_either_3","AOVN1TVNI7HJ7","either","3","351","","","","","","","0","0","1","0.671239262","","0.6","0.2","0.8","0.4","","","","","0.4523681388","0.671239262","0.2573044462","0.3092942814","","","","","","","","74","J","1","","","348","main_expt",""
"","bandit","428","1424246","0.0-389.0-0.0","58605237","wem/bandit_either_3","AOVN1TVNI7HJ7","either","3","594","","","","","","","0","0","1","0.4972270947","","0.6","0.2","0.8","0.4","","","","","0.4972270947","0.6828743437","0.2739718036","0.2445785689","","","","","","","","72","H","0","img/none_selected.jpg","","349","main_expt",""
"","bandit","429","1426086","0.0-390.0-0.0","58605237","wem/bandit_either_3","AOVN1TVNI7HJ7","either","3","320","","","","","","","0","1","0","","0.7149293645","0.6","0.2","0.8","0.4","0.462810004","0.7149293645","0.200171889","0.2483211815","","","","","","","","","","","","74","J","1","","","350","main_expt",""
"","bandit","430","1427988","0.0-391.0-0.0","58605237","wem/bandit_either_3","AOVN1TVNI7HJ7","either","3","382","","","","","","","1","0","0","0.7105388376","","0.6","0.2","0.8","0.4","","","","","0.3783965966","0.7105388376","0.1207378864","0.266113301","","","","","","","","74","J","1","","","351","main_expt",""
"","bandit","431","1429846","0.0-392.0-0.0","58605237","wem/bandit_either_3","AOVN1TVNI7HJ7","either","3","337","","","","","","","0","1","0","","0.6517015941","0.6","0.2","0.8","0.4","0.4250743515","0.6517015941","0.09181262849","0.3483209738","","","","","","","","","","","","74","J","1","","","352","main_expt",""
"","bandit","432","1431686","0.0-393.0-0.0","58605237","wem/bandit_either_3","AOVN1TVNI7HJ7","either","3","319","","","","","","","0","0","1","","0.6809297162","0.6","0.2","0.8","0.4","0.4252756866","0.6809297162","0.1349054264","0.3600103993","","","","","","","","","","","","74","J","1","","","353","main_expt",""
"","bandit","433","1433470","0.0-394.0-0.0","58605237","wem/bandit_either_3","AOVN1TVNI7HJ7","either","3","261","","","","","","","0","1","0","","0.6987626101","0.6","0.2","0.8","0.4","0.446114887","0.6987626101","0.1746562706","0.3684336896","","","","","","","","","","","","74","J","1","","","354","main_expt",""
"","bandit","434","1435320","0.0-395.0-0.0","58605237","wem/bandit_either_3","AOVN1TVNI7HJ7","either","3","328","","","","","","","0","0","1","","0.688135598","0.6","0.2","0.8","0.4","0.4179543233","0.688135598","0.1579186351","0.3399143362","","","","","","","","","","","","74","J","1","","","355","main_expt",""
"","bandit","435","1437094","0.0-396.0-0.0","58605237","wem/bandit_either_3","AOVN1TVNI7HJ7","either","3","254","","","","","","","0","1","0","","0.6851720753","0.6","0.2","0.8","0.4","0.3557333859","0.6851720753","0.2268348788","0.4140797171","","","","","","","","","","","","74","J","1","","","356","main_expt",""
"","bandit","436","1438950","0.0-397.0-0.0","58605237","wem/bandit_either_3","AOVN1TVNI7HJ7","either","3","336","","","","","","","0","1","0","","0.6475747326","0.6","0.2","0.8","0.4","0.292340402","0.6475747326","0.1886013388","0.4073091083","","","","","","","","","","","","74","J","1","","","357","main_expt",""
"","bandit","437","1440862","0.0-398.0-0.0","58605237","wem/bandit_either_3","AOVN1TVNI7HJ7","either","3","391","","","","","","","0","1","0","","0.6038397747","0.6","0.2","0.8","0.4","0.2547478848","0.6038397747","0.2066521251","0.5308857856","","","","","","","","","","","","74","J","1","","","358","main_expt",""
"","bandit","438","1442702","0.0-399.0-0.0","58605237","wem/bandit_either_3","AOVN1TVNI7HJ7","either","3","319","","","","","","","0","1","0","","0.5868124988","0.6","0.2","0.8","0.4","0.3637239806","0.5868124988","0.2690922284","0.5271759679","","","","","","","","","","","","74","J","1","","","359","main_expt",""
"","bandit","439","1444573","0.0-400.0-0.0","58605237","wem/bandit_either_3","AOVN1TVNI7HJ7","either","3","348","","","","","","","0","1","0","","0.7074022455","0.6","0.2","0.8","0.4","0.312027035","0.7074022455","0.2012368009","0.5053551711","","","","","","","","","","","","74","J","1","","","360","main_expt",""
"","identification","440","1454383","0.0-401.0-0.0","58605237","wem/bandit_either_3","AOVN1TVNI7HJ7","either","3","9777","","","","3","3","3","","","","","","","","","","","","","","","","","","","","","","","","the village of Zur","","","","","","","",""
"","identification","441","1460407","0.0-401.0-1.0","58605237","wem/bandit_either_3","AOVN1TVNI7HJ7","either","3","4989","","","","3","3","3","","","","","","","","","","","","","","","","","","","","","","","","the village of Nyx","","","","","","","",""
"","survey-text-sam","442","1489166","0.0-402.0","58605237","wem/bandit_either_3","AOVN1TVNI7HJ7","either","3","27729","{""Q0"":""41"",""Q1"":""White"",""Q2"":""Agender""}","","","","","","","","","","","","","","","","","","","","","","","41","White","Agender","other","41","White","","","","","","","","",""
"","button-response","443","1495915","0.0-403.0","58605237","wem/bandit_either_3","AOVN1TVNI7HJ7","either","3","5726","","","","","","","","","","","","","","","","","","","","","","","","","","","","","","","","","","","","","","1"
